ACCESSION_NUMBER	ID	PERSONSIGNATURE	PERSONTITLE	SIGNATUREDATE
0001213900-22-036336	4	/s/ William Hunter	Director	2022-06-30
0001213900-22-036336	1	/s/ Dr. Scott Jobin-Bevans	Chief Executive Officer, Chief Geologist, and Director	2022-06-30
0001213900-22-036336	3	/s/ Robin Ross	Director	2022-06-30
0001213900-22-036336	2	/s/ Sean Zubick	Director	2022-06-30
0001104659-22-076282	1	/s/ Howard Marks	CEO	2022-06-30
0001893044-22-000004	1	NICHOLAS SEET	CEO	2022-06-30
0001665160-22-001957	1	Alan H. Lee	CEO, Chairman of Board	2022-06-30
0001665160-22-001955	2	Nicole Oishi	Chief Experience Officer	2022-06-30
0001665160-22-001955	3	David Hersom	Director	2022-06-30
0001665160-22-001955	4	Lisa Behnke	Director	2022-06-30
0001665160-22-001955	1	Korb Matosich	CEO and Director	2022-06-30
0001669191-22-000689	5	Dr. Alexander  Nawrocki Ph.D.	Board Member	2022-06-30
0001669191-22-000689	4	Leonard S.   Johnson Ph.D. student	Board Member	2022-06-30
0001669191-22-000689	3	Leonard S.   Johnson Ph.D. student	Principal Accounting Officer	2022-06-30
0001669191-22-000689	2	Leonard S.   Johnson Ph.D. student	Principal Financial Officer	2022-06-30
0001669191-22-000689	1	Leonard S.   Johnson Ph.D. student	Principal Executive Officer	2022-06-30
0001746059-22-000253	1	Yu Ling Mark Davis	Owner and Founder	2022-06-30
0001932355-22-000001	1	Subash Yadav	Owner	2022-06-30
0001665160-22-001952	1	Betzalel M. Mendel Bassman	President & CEO	2022-06-30
0001665160-22-001952	2	Raymond Riek	Board Member	2022-06-30
0001665160-22-001951	1	Cathi Lamberti	Chief Executive Officer, Chairperson of the board of directors, and founder of SMARTfit	2022-06-30
0001665160-22-001950	1	Micah Truman	CEO and Director	2022-06-30
0001665160-22-001949	1	Brian Gannon	CEO and Principal Financial Officer	2022-06-30
0001665160-22-001949	2	Brad O'Neil	Director	2022-06-30
0001665160-22-001948	1	Kevin McGregor	CEO	2022-06-30
0001665160-22-001947	1	George Andrew Ochoa	Chief Executive Officer, Director, Chairman	2022-06-30
0001665160-22-001946	1	Kevin McGregor	CEO	2022-06-30
0001665160-22-001945	1	Brian Gannon	CEO and Principal Financial Officer	2022-06-30
0001665160-22-001945	2	Brad O'Neil	Director	2022-06-30
0001885116-22-000001	1	/s/ Jeremy Mathison	Operations Manager	2022-06-30
0001665160-22-001944	1	Lyn Yaffe, M.D.	President, CEO, Principal Executive Officer, Director, Principal Financial Officer and Principal Accounting Officer	2022-06-30
0001665160-22-001944	2	Thomas Hardiman	Executive Vice President and Member of the Board of Directors	2022-06-30
0001665160-22-001944	3	Brad Stezoski	Member of the Board of Directors	2022-06-30
0001665160-22-001943	1	Craig Watson	President, CEO, Principal Executive Officer, Director, Principal Financial Officer and Principal Accounting Officer	2022-06-30
0001665160-22-001941	1	Zack Fleishman	CEO, Secretary and Director	2022-06-29
0001665160-22-001941	2	David Patrick	CTO and Director	2022-06-29
0001665160-22-001940	2	Stephen Drimmer	Chief Operating Officer and Director	2022-06-30
0001665160-22-001940	1	Dr. Michael Wool, MD	CEO and Director	2022-06-30
0001666102-22-000013	1	John C Neubauer	Founder & CEO	2022-06-29
0001934754-22-000002	1	Ashley Bonds	CEO	2022-06-23
0001934754-22-000001	1	Sarah Dodge	President	2022-06-30
0001665160-22-001937	1	Jamie Hunt	CEO, President, Secretary, Treasurer, Director, and principal accounting officer.	2022-06-30
0001670254-22-000702	1	Christopher Robert Eloff	Director	2022-06-15
0001665160-22-001934	1	Chuck Ardezzone	CEO/Director	2022-06-29
0001820949-22-000001	1	Christopher J. McCoy	Founder/CEO/Director	2022-06-28
0001670254-22-000700	2	Julie Griggs	Co-Founder of Fourplay Social	2022-06-29
0001670254-22-000700	1	Danielle Dietzek	Co-founder of Fourplay Social	2022-06-29
0001670254-22-000702	2	Christopher Hale	CEO	2022-06-09
0001670254-22-000698	1	Amit Kukreja	CEO	2022-06-27
0001670254-22-000698	2	Amine Belabbes Nabi	CTO	2022-06-27
0001821982-22-000007	1	Wesley T. Johnson	CEO	2022-06-29
0001665160-22-001931	1	Marcus Hays	co-CEO, Director, and Chief Technology Officer	2022-06-29
0001665160-22-001931	3	Chance Claxton	Co-CEO and Chief Branding Office	2022-06-29
0001665160-22-001931	4	William Kelley	Director	2022-06-29
0001665160-22-001931	2	Bradley Knop	CFO	2022-06-29
0001934895-22-000001	1	Alexander Gotzev	Owner	2022-06-29
0001665160-22-001929	2	Balamuralee Balaguru	CTO and Director	2022-06-29
0001665160-22-001929	1	Benjamin Cook	CEO and President	2022-06-29
0001746059-22-000252	1	Cleon Byron	Owner and CEO	2022-06-29
0001665160-22-001928	1	Matthew Newman	Founder, Chairman & Chief Executive Officer	2022-06-29
0001665160-22-001927	3	Tod A. Nestor	Director	2022-06-29
0001665160-22-001927	4	Pam Hamlin	Director	2022-06-29
0001665160-22-001927	2	Joshua Leavitt	CFO	2022-06-29
0001665160-22-001927	1	Pierre Rogers	CEO	2022-06-29
0001665160-22-001926	3	Mike McSherry	Director	2022-06-29
0001665160-22-001926	2	Michelle Carbon	CFO and General Counsel	2022-06-29
0001665160-22-001926	1	Mark C. Russell	CEO (Chief Executive Officer) and Director	2022-06-29
0001665160-22-001923	1	Rob Sobhani	CEO, President, Secretary, and Treasurer	2022-06-29
0001665160-22-001923	2	Guilda M. Sobhani	Director	2022-06-29
0001934621-22-000001	1	Iva Gotzev	Owner	2022-06-29
0001932175-22-000001	1	Christopher Bailey	Owner	2022-06-29
0001665160-22-001921	1	Thomas Burns	CEO, Principal Executive Officer and Director, Principal Financial Officer and Principal Accounting Officer	2022-06-29
0001665160-22-001919	1	John Paul Poehlmann	CEO	2022-06-29
0001665160-22-001918	1	Morgan Bierschenk	CEO, Principal Executive Officer and Director, Principal Financial Officer and Principal Accounting Officer of Geoship SPC	2022-06-29
0001665160-22-001916	3	Bobby Hulter	Secretary	2022-06-29
0001665160-22-001916	1	Joshua Resnick	CEO, CTO, President and Director	2022-06-29
0001665160-22-001916	2	David Adams	Treasurer	2022-06-29
0001669191-22-000687	5	Timur Akilov	Board Member	2022-06-29
0001669191-22-000687	3	Timur Akilov	Principal Accounting Officer	2022-06-29
0001669191-22-000687	4	James  O'Loughlin	Board Member	2022-06-29
0001669191-22-000687	2	Timur Akilov	Principal Financial Officer	2022-06-29
0001669191-22-000687	1	James  O'Loughlin	Principal Executive Officer	2022-06-29
0001934595-22-000001	1	Gabriela Febres	Owner	2022-06-28
0001665160-22-001915	1	Gus Bateas	EVP and COO	2022-06-28
0001920756-22-000001	1	Alexandra Kaminetsky	Director	2022-06-28
0001742162-22-000003	1	Tanen Andrews	Founder/CEO	2022-06-01
0001665160-22-001914	4	Robert House	Director	2022-06-28
0001665160-22-001914	5	Neil Euliano	CTO	2022-06-28
0001665160-22-001914	2	Kimberly Ramsey	CFO	2022-06-28
0001665160-22-001914	3	Stephanie Warrington	Director	2022-06-28
0001665160-22-001914	1	Weaver Gaines	CEO and Chairman of the Board of Directors	2022-06-28
0001665160-22-001913	1	Jason Richards	CEO, Principal Executive Officer and Director, Principal Financial Officer and Principal Accounting Officer	2022-06-28
0001665160-22-001910	2	Vincent E Bryan Jr.	Board of Directors	2022-06-28
0001665160-22-001910	1	Vincent Bryan III	CEO, Principal Executive Officer and Director, Principal Financial Officer and Principal Accounting Officer	2022-06-28
0001665160-22-001910	3	Michael Hendrickson	Board of Directors	2022-06-28
0001665160-22-001910	4	Siao Ling Kok	Principal Financial Officer and Principal Accounting Officer	2022-06-28
0001665160-22-001908	4	Jim Lockhart	Director	2022-06-28
0001665160-22-001908	3	Jeff Milkie	Director	2022-06-28
0001665160-22-001908	2	Mark Hoiland	Director	2022-06-28
0001665160-22-001908	1	Christie Covarrubias	Co-Founder, CEO and Chairman of the Board	2022-06-28
0001924883-22-000004	2	Eyal Goldenberg	Manager	2022-06-12
0001924883-22-000004	1	Uri Goldenberg	CEO/Manager	2022-06-12
0001746059-22-000251	1	Robert King	Owner and CEO	2022-06-28
0001421744-22-000004	1	Gaetano Scuderi	Founder & Chairman of the Board	2022-06-28
0001421744-22-000004	2	Joey Bose	CEO & President	2022-06-28
0001421744-22-000004	3	Phil LoGrasso	CEO & President	2022-06-28
0001421744-22-000004	4	Tracey Goeken	CEO & President	2022-06-28
0001421744-22-000004	5	Gordon Ramseier	CEO & President	2022-06-28
0001665160-22-001907	3	Thomas (Tom) H. Bliss, Jr.	Director and Chief Financial Officer	2022-06-28
0001665160-22-001907	2	Michael LeMaire	Director/Secretary	2022-06-28
0001665160-22-001907	1	Lynnet Koh	Executive Chairman and CEO	2022-06-28
0001746059-22-000250	1	Christopher Place	Owner and Founder	2022-06-28
0001746059-22-000249	1	Thomas Johnson	Owner and CoFounder	2022-06-28
0001665160-22-001904	2	Andrew Stumpf	CFO	2022-06-28
0001665160-22-001904	1	Earl T. Holsapple, III	CEO, President, Manager and Co-founder	2022-06-28
0001746059-22-000248	1	Tiffany Yarde	Owner and CEO	2022-06-28
0001746059-22-000247	1	Alan MacIntosh	Owner and Founder	2022-06-28
0001746059-22-000246	1	Robinson Joachin	Owner and CoFounder	2022-06-28
0001746059-22-000245	1	Fathia Jones	Owner and Founder	2022-06-28
0001669191-22-000685	4	Daniel Done	Board Member	2022-06-28
0001669191-22-000685	3	Daniel Done	Principal Accounting Officer	2022-06-28
0001669191-22-000685	1	Daniel Done	Principal Executive Officer	2022-06-28
0001669191-22-000685	2	Daniel Done	Principal Financial Officer	2022-06-28
0001669191-22-000683	3	Daniel Done	Principal Accounting Officer	2022-06-28
0001669191-22-000683	2	Daniel Done	Principal Financial Officer	2022-06-28
0001669191-22-000683	1	Daniel Done	Principal Executive Officer	2022-06-28
0001669191-22-000683	4	Daniel Done	Board Member	2022-06-28
0001670254-22-000696	3	Eric J. Lerner	President and Chief Scientist	2022-06-24
0001670254-22-000696	2	Ivana Karamitsos	CIO	2022-06-24
0001670254-22-000696	1	Rudolph Fritsch	Secretary Treasurer	2022-06-27
0001899900-22-000003	1	/s/ Lynne Koenigsberg	President	2022-06-27
0001665160-22-001903	3	Sumeet Murarka	Chief Technology Officer	2022-06-27
0001665160-22-001903	1	Randal Alexander Serafini	Chief Operating Officer and President	2022-06-27
0001665160-22-001903	2	Claudio Randal Serafini	Chief Executive Officer	2022-06-27
0001847831-22-000003	1	Ralph Rapa	President	2022-06-27
0001665160-22-001902	1	Joshua Kimmel	President and Founder	2022-06-27
0001665160-22-001902	2	Ken Greenwood	CTO	2022-06-27
0001836323-22-000005	1	Cyrus Farudi	Manager	2022-06-27
0001665160-22-001900	2	Roberto Guerrieri	Director, Lead Strategic Advisor	2022-06-27
0001665160-22-001900	1	Nicolas Guerrieri	Director, CEO, and CFO	2022-06-27
0001836307-22-000004	1	Cyrus Farudi	Manager	2022-06-27
0001840948-22-000004	1	Vernon Jones	CEO	2022-06-27
0001665160-22-001896	1	Ravi Sharma	CEO, Director, Principal Financial Officer	2022-06-27
0001665160-22-001896	3	Fadi Madanat	Director	2022-06-27
0001665160-22-001896	2	Amy Sharma	Director	2022-06-27
0001858449-22-000002	1	Daniel Estoque	CEO	2022-06-27
0001933083-22-000003	1	Cyrus Farudi	Manager	2022-06-27
0001836320-22-000003	1	Cyrus Farudi	Manager	2022-06-27
0001933083-22-000002	1	/s/Cyrus Farudi	Manager	2022-06-27
0001836323-22-000004	1	Cyrus Farudi	Manager	2022-06-27
0001836323-22-000003	1	Cyrus Farudi	Manager	2022-06-27
0001836307-22-000003	1	Cyrus Farudi	Manager	2022-06-27
0001933260-22-000002	1	Cyrus Farudi	Manager	2022-06-27
0001926429-22-000006	1	LaTasha Kaiser	President	2022-06-27
0001665160-22-001895	1	Hans Hesselholt Henne Hansen	CEO, Founder	2022-06-27
0001926429-22-000005	1	Dawn Carryl	President	2022-06-27
0001926520-22-000001	1	Tej M. Singh	Chief Executive Officer	2022-06-27
0001665160-22-001894	2	Darius Swain	CIO and Director	2022-06-27
0001665160-22-001894	1	Austin Igein	CEO, Principal Executive Officer and Director, Principal Financial Officer and Principal Accounting Officer	2022-06-27
0001931678-22-000007	1	Alan Lewis	Chief Financial Officer	2022-06-27
0001742162-22-000002	1	Tanen Andrews	Founder/CEO	2022-06-27
0001670254-22-000695	1	Oliver Mann	Writer / Director, Producer	2021-12-22
0001665160-22-001889	1	Guanhao Wu	CEO, Principal Executive Officer and Director, Principal Financial Officer and Principal Accounting Officer	2022-06-24
0001665160-22-001892	1	Christopher McCoy	Founder/CEO	2022-06-24
0001722137-22-000005	1	/s/ Ezra Goldman	Chief Executive Officer, Director	2022-06-24
0001908756-22-000003	1	Shannon Cahoon	Director	2022-06-24
0001665160-22-001888	2	Mikhail Soloviev	CFO	2022-06-24
0001665160-22-001888	3	Ilya Osipov	President and CTO	2022-06-24
0001665160-22-001888	1	Max Filin	CEO	2022-06-24
0001821201-22-000001	1	/s/ Rebecca Story	Director, CEO	2022-06-21
0001821201-22-000001	3	/s/ Julie Leclercq	Director, Chief Community Officer	2022-06-21
0001821201-22-000001	2	Matthew Story	Director	2022-06-21
0001665160-22-001886	1	Matt Sweetwood	CEO, Principal Accounting Officer, and Director	2022-06-24
0001665160-22-001886	2	Maurizio Sole Festa	COO and Director	2022-06-24
0001665160-22-001884	1	Oksana Simmons	CFO and Director	2022-06-24
0001665160-22-001884	2	Michael Sean Simmons	CEO and Director	2022-06-24
0001665160-22-001881	1	Betzabe Gonzalez	CEO, Director, and Principal Accounting Officer	2022-06-24
0001665160-22-001879	2	Edward Shergalis	Director	2022-06-24
0001665160-22-001879	1	James Rhodes	CEO, Director, Principal Financial Officer and Principal Accounting Officer	2022-06-24
0001665160-22-001878	1	Ryan Burningham	Chief Executive Officer, Co-Founder and Director, Principal Financial Officer, and Principal Accounting Officer	2022-06-24
0001670254-22-000693	1	Su Zar Wai Hnin	COO	2022-06-22
0001670254-22-000693	2	Phway Aye	CEO, Creative Director	2022-06-22
0001665160-22-001877	3	Clark Kokich	Treasurer	2022-06-24
0001665160-22-001877	4	Brent Turner	Director	2022-06-24
0001665160-22-001877	2	Kari Gran	Chief Product Officer and Director	2022-06-24
0001665160-22-001877	1	Lisa Strain	CEO and Director	2022-06-24
0001670254-22-000691	1	Erno Tauriainen	CEO & Founder	2022-06-22
0001665160-22-001875	1	Corinne Delaney	CEO	2022-06-24
0001665160-22-001872	3	Courtney Benham	Director	2022-06-23
0001665160-22-001872	2	Kayla Vallarta	Controller, Secretary	2022-06-23
0001665160-22-001872	1	Charles Yeomans	CEO, Director	2022-06-23
0001669191-22-000681	2	Yuan Wang	Principal Financial Officer	2022-06-24
0001669191-22-000681	1	Yuan Wang	Principal Executive Officer	2022-06-24
0001669191-22-000681	3	Yuan Wang	Principal Accounting Officer	2022-06-24
0001669191-22-000681	6	Liang  Chang	Board Member	2022-06-24
0001669191-22-000681	5	Xiangwu Zhang	Board Member	2022-06-24
0001669191-22-000681	4	Yuan Wang	Board Member	2022-06-24
0001665160-22-001868	1	Daren Houtaling	CEO, Director	2022-06-23
0001665160-22-001868	2	Christopher Kennedy	Secretary, Treasurer, Director	2022-06-23
0001670254-22-000689	1	Jacob Jarvi	Director, Writer, Editor, Producer	2022-06-14
0001665160-22-001864	1	Balakrishnan Nair	CEO & President	2022-06-23
0001665160-22-001864	3	Kristin Martinez	Board Member	2022-06-23
0001665160-22-001864	2	Rahul Shendure	Chairman, Board of Directors	2022-06-23
0001848794-22-000002	1	Phillip Pompa	CEO	2022-06-23
0001665160-22-001862	2	Nancy Steiner	Director	2022-06-23
0001665160-22-001862	1	Jennifer Steiner Pool	President	2022-06-23
0001665160-22-001862	3	Jeffrey T. Steiner	Vice President	2022-06-23
0001930985-22-000001	1	Kenyon Elliott	President	2022-06-23
0001665160-22-001861	1	Arek Reeder	CEO, CFO and Founder	2022-06-23
0001665160-22-001861	2	Celine Ikeler	CMO, CPO, President, Chairman of the Board, and Founder	2022-06-23
0001665160-22-001860	2	Randy Squires	Director	2022-06-23
0001665160-22-001860	3	David Martin	Director	2022-06-23
0001665160-22-001860	1	Greg Johnson	Chief Executive Officer & Director	2022-06-23
0001665160-22-001859	1	Chris James	CEO, Principal Executive Officer and Director, Principal Financial Officer and Principal Accounting Officer	2022-06-23
0001665160-22-001858	1	Emil Nnani	CEO & Director	2022-06-23
0001665160-22-001858	2	Cory Smith	CFO	2022-06-23
0001665160-22-001858	3	Christiana Winfrey	COO	2022-06-23
0001932183-22-000001	1	Lindsey Cooper	President	2022-06-23
0001669191-22-000678	4	Triccia Ramos	Board Member	2022-06-23
0001669191-22-000678	5	Raju Panjwani	Board Member	2022-06-23
0001669191-22-000678	1	Raju Panjwani	Principal Executive Officer	2022-06-23
0001669191-22-000678	3	Raju Panjwani	Principal Accounting Officer	2022-06-23
0001669191-22-000678	2	Raju Panjwani	Principal Financial Officer	2022-06-23
0001669191-22-000675	5	Kilton  Agolli	Board Member	2022-06-23
0001669191-22-000675	4	Paul Inglese	Board Member	2022-06-23
0001669191-22-000675	3	Scott Foster	Principal Accounting Officer	2022-06-23
0001669191-22-000675	2	Scott Foster	Principal Financial Officer	2022-06-23
0001669191-22-000675	1	Paul Inglese	Principal Executive Officer	2022-06-23
0001669191-22-000675	6	Dwaine Parker	Board Member	2022-06-23
0001669191-22-000675	7	Scott Foster	Board Member	2022-06-23
0001669191-22-000674	6	Dan Funk	Board Member	2022-06-23
0001669191-22-000674	5	Jaco Booyens	Board Member	2022-06-23
0001669191-22-000674	4	Philipa Booyens	Board Member	2022-06-23
0001669191-22-000674	3	Dan Funk	Principal Accounting Officer	2022-06-23
0001669191-22-000674	2	Philipa Booyens	Principal Financial Officer	2022-06-23
0001669191-22-000674	1	Jaco Booyens	Principal Executive Officer	2022-06-23
0001669191-22-000673	9	Pasquale Lavacca	Board Member	2022-06-23
0001669191-22-000673	8	Kenneth Reardon	Board Member	2022-06-23
0001669191-22-000673	7	Carlo Rossato	Board Member	2022-06-23
0001669191-22-000673	6	Nicolette Keith	Board Member	2022-06-23
0001669191-22-000673	3	Yu-Cheng (Mike) Kao	Principal Accounting Officer	2022-06-23
0001669191-22-000673	4	Rodney Reum	Board Member	2022-06-23
0001669191-22-000673	5	Vincenzo DePalma	Board Member	2022-06-23
0001669191-22-000673	1	Rodney Reum	Principal Executive Officer	2022-06-23
0001669191-22-000673	2	Nicolette Keith	Principal Financial Officer	2022-06-23
0001669191-22-000668	6	Thomas R. Spilker	Board Member	2022-06-23
0001669191-22-000668	5	Timothy Alatorre	Board Member	2022-06-23
0001669191-22-000668	1	Rhonda Stevenson	Principal Executive Officer	2022-06-23
0001669191-22-000668	2	Timothy Alatorre	Principal Financial Officer	2022-06-23
0001669191-22-000668	4	James Wolff	Board Member	2022-06-23
0001669191-22-000668	7	Rhonda Stevenson	Board Member	2022-06-23
0001669191-22-000668	3	Timothy Alatorre	Principal Accounting Officer	2022-06-23
0001669191-22-000667	5	Amy Rau Segnit	Board Member	2022-06-23
0001669191-22-000667	4	Seymour Segnit	Board Member	2022-06-23
0001669191-22-000667	3	Seymour Segnit	Principal Accounting Officer	2022-06-23
0001669191-22-000667	1	Seymour Segnit	Principal Executive Officer	2022-06-23
0001669191-22-000667	2	Amy Rau Segnit	Principal Financial Officer	2022-06-23
0001669191-22-000663	7	Clifford Martin	Board Member	2022-06-22
0001669191-22-000663	6	Arlene  Dodds	Board Member	2022-06-22
0001669191-22-000663	5	Dale Amon	Board Member	2022-06-22
0001669191-22-000663	4	Sunil Ahuja	Board Member	2022-06-22
0001669191-22-000663	2	Sunil Ahuja	Principal Financial Officer	2022-06-22
0001669191-22-000663	3	Sunil Ahuja	Principal Accounting Officer	2022-06-22
0001669191-22-000663	1	Dale Amon	Principal Executive Officer	2022-06-22
0001670254-22-000686	3	Chrisman Frank	Co-founder & Chief Executive Officer	2022-06-21
0001670254-22-000686	2	Dharann Moganaraju	Head of Finance	2022-06-21
0001670254-22-000686	1	Joshua Dahn	Co-founder	2022-06-21
0001930828-22-000001	1	Alexander Lloyd Felsinger	President	2022-06-22
0001665160-22-001857	2	Hans King	Senior Vice President and Director	2022-06-22
0001665160-22-001857	1	Curtis Ceballos	CEO, President, and Director	2022-06-22
0001665160-22-001857	3	Ryan Ceballos	Executive Vice President and Director	2022-06-22
0001665160-22-001856	1	Keith Chapman	President, CEO, Principal Executive Officer, Director, Principal Financial Officer and Principal Accounting Officer	2022-06-22
0001665160-22-001856	2	Andy Weiner	COO	2022-06-22
0001746059-22-000244	1	Harmony Edwards	Owner and Founder	2022-06-22
0001746059-22-000243	1	Anthony Lagrosa	Owner and Founder	2022-06-22
0001757687-22-000001	1	Emily Winston	Owner	2022-06-22
0001926872-22-000002	1	/s/ Jaime Fernandez	Manager	2022-06-22
0001665160-22-001855	1	Brandon Perry	Director	2022-06-22
0001665160-22-001855	2	Jay Ward	Director	2022-06-22
0001665160-22-001855	3	Steve Kleiman	Director	2022-06-22
0001665160-22-001855	4	Michael Kane	Director	2022-06-22
0001665160-22-001855	5	Scott Hansen	CEO and Principal Financial Executive	2022-06-22
0001590725-22-000002	1	/s/ Kevin Fahrner	CEO	2022-06-22
0001665160-22-001853	1	Oscar Martinez	CEO and Principal Accounting Officer	2022-06-22
0001926429-22-000004	1	Dawn Carryl	President	2022-06-22
0001669191-22-000661	2	James Mulford	Principal Financial Officer	2022-06-22
0001669191-22-000661	3	James Mulford	Principal Accounting Officer	2022-06-22
0001669191-22-000661	4	James Mulford	Board Member	2022-06-22
0001669191-22-000661	5	David Sterling	Board Member	2022-06-22
0001669191-22-000661	1	James Mulford	Principal Executive Officer	2022-06-22
0001669191-22-000661	6	Roderick McLean	Board Member	2022-06-22
0001665160-22-001850	1	David Riddile	Manager, Principal Accounting Officer, and Marketing and Operations Director	2022-06-22
0001669191-22-000659	5	Zuoyu (Jerry) Shi	Board Member	2022-06-22
0001669191-22-000659	1	Joseph (Marc) McConnaughey	Principal Executive Officer	2022-06-22
0001669191-22-000659	4	Warren  Lynn	Board Member	2022-06-22
0001669191-22-000659	3	Joseph (Marc) McConnaughey	Principal Accounting Officer	2022-06-22
0001669191-22-000659	2	Joseph (Marc) McConnaughey	Principal Financial Officer	2022-06-22
0001669191-22-000659	6	Joseph (Marc) McConnaughey	Board Member	2022-06-22
0001666102-22-000012	1	Paul Clarke CEO Fire	CEO	2022-06-21
0001878661-22-000003	1	Garry McCann	CFO	2022-06-22
0001665160-22-001848	2	Amy Sharma	Director	2022-06-21
0001665160-22-001848	1	Ravi Sharma	CEO, Director, Principal Financial Officer	2022-06-21
0001670254-22-000683	6	Bruce Yoxsimer	CEO	2022-06-09
0001670254-22-000683	5	Fernando Avila	founder	2022-06-09
0001670254-22-000683	4	Annette Cumming	Chief Revenue Officer	2022-06-16
0001665160-22-001848	3	Fadi Madanat	Director	2022-06-21
0001670254-22-000683	2	Daniel Whaley	Chairman	2022-06-16
0001670254-22-000683	1	Patrick James Kearney	Director	2022-06-17
0001670254-22-000681	1	Elle Rustique, PhD	CEO & Founder	2022-06-14
0001670254-22-000679	2	Storm Kaufman	CEO	2022-06-18
0001670254-22-000679	1	Logan Kaufman	VP	2022-06-20
0001670254-22-000683	3	Eugene Lowenthal	Director	2022-06-16
0001669191-22-000656	1	David Barnhart	Principal Executive Officer	2022-06-21
0001669191-22-000656	2	Daniel Lopez	Principal Financial Officer	2022-06-21
0001669191-22-000656	3	Lisa Hill	Principal Accounting Officer	2022-06-21
0001669191-22-000656	4	Talbot Jaeger	Board Member	2022-06-21
0001669191-22-000656	5	David Barnhart	Board Member	2022-06-21
0001746059-22-000242	1	Deric Cahill	Owner and CEO	2022-06-21
0001665160-22-001846	2	Jayson Pearson	CFO, Secretary, and Director	2022-06-21
0001665160-22-001846	1	Seth Yudof	CEO and Director	2022-06-21
0001665160-22-001844	1	JD Claridge	President, CEO, Principal Executive Officer, Director, Principal Financial Officer and Principal Accounting Officer	2022-06-21
0001665160-22-001844	2	Ben Toews	Director	2022-06-21
0001669191-22-000653	2	Peter  Goodman	Principal Financial Officer	2022-06-21
0001669191-22-000653	3	Peter  Goodman	Principal Accounting Officer	2022-06-21
0001669191-22-000653	4	Peter  Goodman	Board Member	2022-06-21
0001669191-22-000653	1	Peter  Goodman	Principal Executive Officer	2022-06-21
0001590725-22-000001	1	/s/ Kevin Fahrner	CEO	2022-05-11
0001665160-22-001843	2	Kamesh Jasani	CTO	2022-06-21
0001665160-22-001843	1	Behshad Jamshahi	Director & CEO	2022-06-21
0001665160-22-001842	2	Bala Jana	Vice President, Treasurer, and Secretary	2022-06-21
0001665160-22-001842	1	Rajini Anachi	CEO and President	2022-06-21
0001665160-22-001841	1	Phil Layton	CEO, Principal Executive Officer and Director, Principal Financial Officer and Principal Accounting Officer	2022-06-21
0001665160-22-001840	1	Zachary Lambert	CEO, Principal Executive Officer and Director, Principal Financial Officer and Principal Accounting Officer	2022-06-21
0001746059-22-000241	1	John Ayars	President	2022-06-21
0001665160-22-001839	2	Frederick J. Murrell	Founder and Chairman	2022-06-21
0001665160-22-001839	1	Russell Smith	CEO, Principal Executive Officer and Director, Principal Financial Officer, Principal Accounting Officer	2022-06-21
0001665160-22-001838	1	Dr. F. Douglas Witherspoon	Chairman, President and Chief Scientist	2022-06-21
0001665160-22-001838	2	Christopher J. Faranetta	Co-Founder, Vice President and Director	2022-06-21
0001665160-22-001838	3	Randel E. Roy	Chief Executive Officer, Director, Principal Financial Officer and Principal Accounting Officer	2022-06-21
0001781955-22-000010	1	Ben White	Founder and CEO	2022-06-21
0001669191-22-000650	4	Ho-Hyung (Luke) Lee	Board Member	2022-06-21
0001669191-22-000650	5	Nikhil  Sathe	Board Member	2022-06-21
0001669191-22-000650	2	Ho-Hyung (Luke) Lee	Principal Financial Officer	2022-06-21
0001669191-22-000650	6	Jess  Parmer	Board Member	2022-06-21
0001669191-22-000650	3	Ho-Hyung (Luke) Lee	Principal Accounting Officer	2022-06-21
0001669191-22-000650	1	Ho-Hyung (Luke) Lee	Principal Executive Officer	2022-06-21
0001918985-22-000002	1	Grant Powell	Chief Executive Officer	2022-06-21
0001669191-22-000648	1	Ho-Hyung (Luke) Lee	Principal Executive Officer	2022-06-21
0001669191-22-000648	6	Jess  Parmer	Board Member	2022-06-21
0001669191-22-000648	5	Nikhil  Sathe	Board Member	2022-06-21
0001669191-22-000648	4	Ho-Hyung (Luke) Lee	Board Member	2022-06-21
0001669191-22-000648	3	Ho-Hyung (Luke) Lee	Principal Accounting Officer	2022-06-21
0001669191-22-000648	2	Ho-Hyung (Luke) Lee	Principal Financial Officer	2022-06-21
0001644600-22-000094	1	Jakub K. Koziol	CEO and Director	2022-06-21
0001746059-22-000240	1	Paul King MD	Owner and CEO	2022-06-21
0001665160-22-001837	1	David Heimbuch	CEO, Director, President, Secretary and Treasurer	2022-06-21
0001665160-22-001837	2	Kurt Becker	Director	2022-06-21
0001932786-22-000004	1	Tyrell Russell	President	2022-06-21
0001925403-22-000006	1	Matt Dever	Founder and CEO	2022-06-21
0001670254-22-000678	1	Josh Luke	Founder & CEO	2022-06-19
0001670254-22-000676	1	Naikie Reeves	Founder / CEO	2022-06-16
0001665160-22-001835	4	Ronald Fishbeck	Chief Technology Officer and Director	2022-06-17
0001665160-22-001835	2	James W. Newman	Director	2022-06-17
0001665160-22-001835	1	Christian Ruth	Founder, CEO and Director	2022-06-17
0001670254-22-000672	1	Sab Kanaujia	Co-Founder & CEO	2022-06-15
0001670254-22-000674	1	Micah Bergdale	CEO	2022-06-17
0001665160-22-001835	3	Robert F. Sheahan	CFO, Treasurer and Director	2022-06-17
0001665160-22-001834	1	Manuel Rendon	CEO, CTO, Principal Accounting Officer, Director	2022-06-17
0001665160-22-001833	1	Edward J. Grimaldi	CEO	2022-06-17
0001747584-22-000022	1	Kristal Hansley	CEO	2022-06-17
0001665160-22-001832	1	Andrew Stumpf	CFO	2022-06-17
0001665160-22-001832	2	Earl T. Holsapple, III	CEO, President, Manager and Co-founder	2022-06-17
0001931426-22-000003	1	Amber Duncan	President	2022-06-17
0001665160-22-001829	1	Mark Abdou	Director	2022-06-17
0001889396-22-000003	1	Michael Paul	Owner	2022-06-17
0001665160-22-001828	1	Jennifer Hotai Dale	CEO	2022-06-17
0001665160-22-001825	1	Mark Lyle	CEO and Director	2022-06-17
0001669191-22-000642	4	Ericka Wojack	Board Member	2022-06-17
0001669191-22-000642	5	Bradley Larschan	Board Member	2022-06-17
0001669191-22-000642	6	Yuichiro Takayanagi	Board Member	2022-06-17
0001669191-22-000642	1	Bradley Larschan	Principal Executive Officer	2022-06-17
0001669191-22-000642	3	Ericka Wojack	Principal Accounting Officer	2022-06-17
0001669191-22-000642	2	Ericka Wojack	Principal Financial Officer	2022-06-17
0001670254-22-000671	2	David Maxwell Pawlan	Head of Product	2022-05-27
0001670254-22-000671	3	Jonah Fialkow	CEO	2022-05-27
0001670254-22-000671	1	Caleb DeRuiter	Head of Growth	2022-05-27
0001746059-22-000239	1	Bethany Gregory	Owner and Founder	2022-06-17
0001746059-22-000238	1	Angela Morales	Owner	2022-06-17
0001665160-22-001824	2	Ara Nazarian	Director	2022-06-17
0001665160-22-001824	1	Frederick Lizza	CEO and Director	2022-06-17
0001665160-22-001824	4	Stephen Okajima	Director	2022-06-17
0001665160-22-001824	3	Per Suneby	Director	2022-06-17
0001669191-22-000640	5	Cynthia Archer	Board Member	2022-06-17
0001669191-22-000640	4	Christopher Kelley	Board Member	2022-06-17
0001669191-22-000640	2	Bina Khan	Principal Financial Officer	2022-06-17
0001669191-22-000640	3	Bina Khan	Principal Accounting Officer	2022-06-17
0001669191-22-000640	1	Zachary Sadow	Principal Executive Officer	2022-06-17
0001669191-22-000638	3	Robert Waterman	Principal Accounting Officer	2022-06-17
0001669191-22-000638	2	Robert Waterman	Principal Financial Officer	2022-06-17
0001669191-22-000638	4	Robert Waterman	Board Member	2022-06-17
0001669191-22-000638	1	Robert Waterman	Principal Executive Officer	2022-06-17
0001915878-22-000002	2	Shallon Thomas	Manager	2022-06-16
0001670254-22-000665	1	Ryan B Donohue	CTO & Co-Founder	2022-06-15
0001670254-22-000665	2	Daniel Rosenzweig	CoFounder	2022-06-14
0001670254-22-000665	3	Nick Iovacchini	CEO & Co-Founder	2022-06-14
0001915878-22-000002	1	Sherika Wynter	Manager	2022-06-16
0001670254-22-000669	1	Christopher Aburime	Co-founder & CMO	2022-06-16
0001670254-22-000669	2	Jake Foerster	Chief Revenue Officer	2022-06-16
0001670254-22-000669	3	Chris Thompson	Co-founder & CEO	2022-06-16
0001885382-22-000001	1	Jose Reyes	President & Owner	2022-06-16
0001885382-22-000002	1	Jose Reyes	President & Owner	2022-06-16
0001670254-22-000668	1	Daniel Brooks	Board Member	2022-06-16
0001670254-22-000668	2	Gordon Schaeffer	CEO and Founder	2022-06-15
0001931678-22-000006	1	Alan Lewis	Chief Financial Officer	2022-06-16
0001670254-22-000663	1	Kimberley Blankenburg	Co-Founder	2022-06-10
0001670254-22-000663	3	Abby Bartholomew	HBIC | CEO & Co-Founder	2022-06-10
0001670254-22-000663	2	Anh McClure	Sass Master | Chief Marketing Officer	2022-06-10
0001665160-22-001821	1	Emilie Joly	President, CEO, Principal Executive Officer, Director, Principal Financial Officer and Principal Accounting Officer	2022-06-16
0001665160-22-001820	1	George Douaire	President, CEO, Principal Executive Officer, Director, Principal Financial Officer and Principal Accounting Officer	2022-06-16
0001665160-22-001820	2	Humsini Acharya	Director	2022-06-16
0001665160-22-001820	3	Andrew Plum	Director	2022-06-16
0001933762-22-000001	1	Scott Stawski	Chairman	2022-06-16
0001665160-22-001818	2	David Heimbuch	Founder & CEO	2022-06-16
0001665160-22-001818	1	Kurt Becker	COO	2022-06-16
0001665160-22-001816	1	William Diggins II	CEO	2022-06-16
0001665160-22-001816	2	William Diggins Senior	Chairman	2022-06-16
0001665160-22-001816	4	Alex Diggins	CTO	2022-06-16
0001665160-22-001816	3	Matt Jerrild	Chief Financial Officer	2022-06-16
0001665160-22-001813	1	Russell Smith	CEO, Principal Executive Officer and Director, Principal Financial Officer, Principal Accounting Officer	2022-06-16
0001665160-22-001813	2	Frederick J. Murrell	Founder and Chairman	2022-06-16
0001665160-22-001810	3	Larry Hsu	Director	2022-06-16
0001665160-22-001810	1	Michael Dorsey	Director of Finance and Accounting	2022-06-16
0001665160-22-001810	2	Jinn Wu	Chairman and Director	2022-06-16
0001665160-22-001809	2	James Castle	CFO, Principal Financial Officer	2022-06-16
0001665160-22-001809	1	Jason Deese	CEO, Principal Executive Officer and Director	2022-06-16
0001665160-22-001808	1	Betsy L. Ehrenberg	President, CEO and Director	2022-06-16
0001665160-22-001808	2	Andrew Levy	General Counsel and Director	2022-06-16
0001885073-22-000001	1	Michelle Thimesch	Attorney	2022-06-16
0001886475-22-000004	2	Ismael El-Amin	Manager	2021-10-05
0001886475-22-000004	1	Donald Scott II	Manager	2021-10-05
0001670254-22-000661	1	Corbin Reeves	Founder & Creative Director	2022-06-10
0001933912-22-000001	1	Johnathan Laguerre	Chairman	2022-06-15
0001665160-22-001807	3	Doug Hegebarth	Director	2022-06-15
0001665160-22-001807	1	Adam Colton	CEO, CFO and Director	2022-06-15
0001665160-22-001807	2	Kurt Hanson	Director	2022-06-15
0001669191-22-000636	2	Steve Forbes	Board Director	2021-07-22
0001669191-22-000636	1	Wilder Rumpf	Board Director	2021-07-23
0001669191-22-000634	1	Adelinda  Bryant	Principal Executive Officer	2022-06-15
0001669191-22-000634	3	Joe Hassell	Principal Accounting Officer	2022-06-15
0001669191-22-000634	4	Adelinda  Bryant	Board Member	2022-06-15
0001669191-22-000634	5	Joe Hassell	Board Member	2022-06-15
0001669191-22-000634	2	Joe Hassell	Principal Financial Officer	2022-06-15
0001669191-22-000633	1	Matthew P. Jones	Principal Executive Officer	2022-06-15
0001669191-22-000633	2	Matthew P. Jones	Principal Financial Officer	2022-06-15
0001669191-22-000633	3	Matthew P. Jones	Principal Accounting Officer	2022-06-15
0001669191-22-000633	4	Matthew P. Jones	Board Member	2022-06-15
0001669191-22-000632	1	Luis  Rios	Principal Executive Officer	2022-06-15
0001669191-22-000632	2	Efrain Rodriguez	Principal Financial Officer	2022-06-15
0001669191-22-000632	7	Raul Documet	Board Member	2022-06-15
0001669191-22-000632	6	Renatto Garro	Board Member	2022-06-15
0001669191-22-000632	5	Stefano Gulbalis	Board Member	2022-06-15
0001669191-22-000632	4	Luis  Rios	Board Member	2022-06-15
0001669191-22-000632	3	Luis  Rios	Principal Accounting Officer	2022-06-15
0001665160-22-001804	2	Karrie Gibson	COO, CFO and Director	2022-06-15
0001665160-22-001804	1	Todd Gibson	CEO and Director	2022-06-15
0001934034-22-000001	1	Annett Schultz	CEO	2022-06-15
0001903596-22-000385	1	Frank I Igwealor	Chief Executive Officer	2022-06-14
0001905434-22-000002	1	Adrian Washington	Managing Member, Platform USA Manager, LLC, the Manager	2022-06-14
0001830549-22-000001	1	Judah Longgrear	Director	2022-06-14
0001670254-22-000660	1	Chris Elford	CEO	2022-06-14
0001670254-22-000660	2	Mario David Cortes	Manager	2022-05-05
0001670254-22-000660	3	David Riddile	Manager	2022-05-05
0001670254-22-000660	4	Chris Elford	Founder & CEO	2022-05-05
0001665160-22-001800	1	Victoria Brunner	CEO	2022-06-14
0001746059-22-000237	1	Amy Dannemiller	Owner and CEO	2022-06-14
0001665160-22-001797	1	Brandon Lewin	CEO and Director	2022-06-14
0001670254-22-000658	2	Micah Ulrich	CEO	2022-06-13
0001670254-22-000658	1	Clay Dowdey	COO	2022-06-14
0001665160-22-001796	4	Phil Howarth	Director	2022-06-14
0001665160-22-001796	1	Patrick Sebile	President and CEO, Principal Financial Officer and Principal Accounting Officer	2022-06-14
0001665160-22-001796	2	Thomas Marchard	Chairman	2022-06-14
0001665160-22-001796	3	Constantin Pellissier	Director	2022-06-14
0001665160-22-001793	1	Brandon Lewin	CEO and Director	2022-06-14
0001665160-22-001792	3	Michael Brady	Chief Commercial Officer, Cofounder	2022-06-14
0001665160-22-001792	2	Huey Segura	Member Manager	2022-06-14
0001665160-22-001792	1	Alexander Gomez	CEO, Member Manager	2022-06-14
0001897616-22-000001	1	/s/ Stacey Book	Director	2022-05-24
0001897616-22-000001	3	/s/ Avi Glijansky	Director	2022-05-24
0001897616-22-000001	2	/s/ Dominique Ferrari	Director	2022-05-24
0001913453-22-000005	1	Daniel Pitluk	CEO	2022-06-14
0001719122-22-000005	2	Rob Soni	Advisor, Chairman	2022-06-01
0001719122-22-000005	1	Anshuman Vohra	Founder & CEO	2022-06-01
0001822801-22-000002	1	Louis M. Soto by Sean Fuellhart POA	CEO	2022-06-14
0001930002-22-000002	3	Yuri Eidelman	Director	2022-06-14
0001930002-22-000002	2	Ross Maguire	Director	2022-06-14
0001930002-22-000002	1	Aron Eidelman	Director	2022-06-14
0001932786-22-000003	1	Garry McCann	CFO	2022-06-14
0001932786-22-000002	1	Tyrell Russell	President	2022-06-14
0001670254-22-000656	1	Ying Zhao	CEO and Founder	2022-06-07
0001670254-22-000655	1	Eric Jackson	CEO and Co-Founder	2022-05-20
0001920911-22-000001	1	Sarah Hawley	Director	2022-06-13
0001670254-22-000654	3	Cynthia L Monroe	Director	2022-02-10
0001670254-22-000654	2	David D. Dietrich	Cheif Creative Officer	2022-05-09
0001670254-22-000654	1	Michael Klein	CFO	2022-06-01
0001670254-22-000654	4	Bradley Pettijohn	Chairman	2022-02-10
0001670254-22-000654	5	David D. Dietrich	Founder / President	2022-02-10
0001746059-22-000236	1	Timothy Auclair	Owner and CoFounder	2022-06-13
0001915356-22-000001	1	Arthur Colker	Director	2022-06-13
0001916053-22-000001	2	Alexandra Fennell	Co-Chief Executive Officer	2022-06-10
0001916053-22-000001	1	Mia Abbruzzese	Co-Chief Executive Officer	2022-06-10
0001746059-22-000235	1	Jeffrey Brown	Owner and CoFounder	2022-06-10
0001821982-22-000005	1	Matt McPheely	Manager	2022-06-10
0001746059-22-000234	1	Matthew Dixon	Owner and CoFounder	2022-06-10
0001746059-22-000233	1	David Richardson	Owner and Founder	2022-06-10
0001746059-22-000232	1	John Baker	Owner and Founder	2022-06-10
0001746059-22-000231	1	Aryn Pipkin	Owner and CoFounder	2022-06-10
0001868902-22-000005	1	Nathan S Jacobs	CEO	2022-06-10
0001421744-22-000003	1	Gaetano Scuderi	Founder & Chairman of the Board	2022-06-10
0001421744-22-000003	3	Phil LoGrasso	CEO & President	2022-06-10
0001421744-22-000003	4	Tracey Goeken	CEO & President	2022-06-10
0001421744-22-000003	5	Gordon Ramseier	CEO & President	2022-06-10
0001421744-22-000003	2	Joey Bose	CEO & President	2022-06-10
0001716974-22-000003	1	Tim Bradford	CEO	2022-06-10
0001665160-22-001791	2	Kurt Hanson	Director	2022-06-10
0001665160-22-001791	1	Adam Colton	CEO, CFO and Director	2022-06-10
0001665160-22-001791	3	Doug Hegebarth	Director	2022-06-10
0001746059-22-000230	1	Benjamin Crosky	Owner and Founder	2022-06-10
0001930889-22-000003	1	Daniel O'Connor	Director and Officer	2022-06-10
0001868902-22-000004	1	Nathan S Jacobs	CEO	2022-06-09
0001931426-22-000001	1	Amber Duncan	President	2022-06-09
0001876863-22-000002	1	Cash Caris	Co-Owner	2022-06-09
0001746059-22-000229	1	Yu Ling Mark Davis	Owner and Manager	2022-06-09
0001876863-22-000001	1	Cash Caris	Co-Owner	2022-06-08
0001746059-22-000228	1	Jeffrey Brown	Owner and Founder	2022-06-09
0001931678-22-000003	1	Alan Lewis	Chief Financial Officer	2022-06-09
0001922407-22-000003	1	Andrew Thomas Amato	Director	2022-06-08
0001922407-22-000003	2	Harry Frederick Mayfield IV	Director	2022-06-08
0001922407-22-000003	4	Melvin Charles Zehnpfennig III	Director	2022-06-08
0001922407-22-000003	3	Marc Augusta Hames	Director	2022-06-08
0001928576-22-000003	1	Richard Dwyer	Vice President	2022-06-09
0001888739-22-000001	1	Michelle Thimesch	Attorney	2022-06-09
0001669191-22-000628	1	Jeffrey Coleman	Principal Executive Officer	2022-06-09
0001669191-22-000628	2	Jeffrey Coleman	Principal Financial Officer	2022-06-09
0001669191-22-000628	4	Jeffrey Coleman	Board Member	2022-06-09
0001669191-22-000628	3	Jeffrey Coleman	Principal Accounting Officer	2022-06-09
0001746059-22-000227	1	Christopher Russell	Owner and CoFounder	2022-06-09
0001922306-22-000002	1	Adam Volk	Managing Member	2022-06-09
0001670254-22-000650	2	james paola	owner	2022-05-23
0001670254-22-000650	1	Andrew Hoyt	Vice President	2022-06-03
0001670254-22-000649	2	Grant Eldred	Mr	2022-06-05
0001670254-22-000649	1	Leon Tatevossian	Adjunct professor, Math Finance, NYU	2022-06-06
0001665160-22-001785	1	Kurt Charron	CEO	2022-06-08
0001665160-22-001788	1	Mark Lyle	CEO	2022-06-08
0001670254-22-000652	1	Brian Harstine	Founder & CEO at Acquire Invest	2022-06-02
0001670254-22-000650	3	Mark Washo	Vice Chairman	2022-05-20
0001922407-22-000002	1	Amtra Tareen	Director	2022-06-08
0001670254-22-000649	3	Alexander Ampontuah	Founder/CEO	2022-06-01
0001902674-22-000002	1	/s/ Nathaniel Korpusik	President	2022-06-08
0001665160-22-001781	1	F. Wendell Minnick	Executive Chairman, Co-Founder	2022-06-08
0001665160-22-001781	2	Christopher Dooley	CEO, Co-Founder	2022-06-08
0001665160-22-001779	1	Mark S Walker	CEO	2022-06-08
0001665160-22-001777	1	Christopher Dooley	CEO and Director	2022-06-08
0001665160-22-001777	2	F. Wendell Minnick	Executive Chairman of the Board of Directors	2022-06-08
0001665160-22-001776	1	Nicholas A. Williams	CEO	2022-06-08
0001665160-22-001775	1	George Levy	CEO, Principal Executive Officer and Director, Principal Financial Officer and Principal Accounting Officer	2022-06-08
0001670254-22-000648	2	Elliott Goodman	Co-Founder	2022-06-02
0001670254-22-000648	1	Brain A. Carroll	Co-Founder	2022-06-03
0001855042-22-000002	2	Christian Marlon Rodriguez Diaz	Director	2022-06-08
0001855042-22-000002	1	Federico von Son de Fernex	Director	2022-06-08
0001096906-22-001355	1	/s/ Aja N. Atwood	CEO, President, Treasurer, Secretary, Clerk	2022-06-06
0001665160-22-001774	1	Chase Hamilton	CEO, President, Treasurer, principal accounting officer, and Director	2022-06-07
0001665160-22-001774	2	Michael Marotta	Secretary and Director	2022-06-07
0001665160-22-001772	4	Mario Mazza	Director	2022-06-08
0001665160-22-001772	3	Grisa Soba	Director	2022-06-08
0001665160-22-001772	2	Frederic Lavoie	CFO	2022-06-08
0001665160-22-001772	1	Steve Luttman	CEO	2022-06-08
0001665160-22-001772	5	Ryan Malkin	Director	2022-06-08
0001665160-22-001771	1	Oleg Giiazov	CEO, Principal Executive Officer and Director, Principal Financial Officer and Principal Accounting Officer	2022-06-08
0001665160-22-001768	3	Gabriele Colombo	Secretary	2022-06-07
0001665160-22-001768	2	Angelo D'Anzi	CTO	2022-06-07
0001665160-22-001768	1	Carlo Brovero	CEO, President, Chief Executive Officer, Treasurer, Principal Financial Officer and Principal Accounting Officer	2022-06-07
0001665160-22-001766	1	Humsini Acharya	Director	2022-06-07
0001665160-22-001766	2	Andrew Plum	Director	2022-06-07
0001665160-22-001766	3	George Douaire	President, CEO, Principal Executive Officer, Director, Principal Financial Officer and Principal Accounting Officer	2022-06-07
0001665160-22-001764	3	Alan J. Zdyb	Director	2022-06-07
0001665160-22-001764	1	Todd D. Wiebusch	Director	2022-06-07
0001665160-22-001764	2	Peter Durand	CEO & Director	2022-06-07
0001746059-22-000226	1	Jessica McGuire	Owner and Founder	2022-06-07
0001104659-22-068900	1	/s/ Howard Marks	Chief Executive Officer, Chief Financial Officer, Chief Accounting Officer and Director	2022-06-07
0001104659-22-068900	2	/s/ Ronald Miller	Director and Chairman	2022-06-07
0001921426-22-000001	1	Josh Wilbur	Director	2022-06-07
0001871551-22-000002	1	James Murphy	Director	2022-06-07
0001871551-22-000002	2	Robb Wolf	Director	2022-06-07
0001885290-22-000004	1	/s/ David Zimmerman	President / Founder	2022-06-07
0001908197-22-000004	1	Matthew Lutz	President	2022-06-07
0001793079-22-000011	1	Edward Lerner	Director	2022-06-06
0001920014-22-000001	1	Christopher Wessely	President	2022-06-06
0001883032-22-000001	1	/s/ Adam J. Pilat	President	2022-06-06
0001928576-22-000002	1	Richard Dwyer	Vice President	2022-06-06
0001932075-22-000003	1	Peter Jackson	President	2022-06-06
0001670254-22-000645	1	Wei-Ling Liu	Director	2022-04-29
0001670254-22-000645	2	Weiting Liu	Founder & CEO	2022-04-08
0001665160-22-001757	1	Terje Skotheim	Chief Executive Officer	2022-06-06
0001665160-22-001757	2	Gordon Davidson	Director	2022-06-06
0001665160-22-001757	3	Bruce Berkoff	Chief Marketing Officer	2022-06-06
0001665160-22-001756	1	Dr. F. Douglas Witherspoon	Chairman, President and Chief Scientist	2022-06-06
0001665160-22-001756	3	Randel E. Roy	Chief Executive Officer, Director, Principal Financial Officer and Principal Accounting Officer	2022-06-06
0001665160-22-001756	2	Christopher J. Faranetta	Co-Founder, Vice President and Director	2022-06-06
0001828173-22-000006	1	Paul Perkins	CEO	2022-06-06
0001828173-22-000005	1	Pete Bender	Owner Manager	2022-06-06
0001929197-22-000005	1	Mark Pawliw	Managing Partner	2022-06-06
0001929197-22-000004	1	Josette Paz De Rivera	President	2022-06-06
0001929197-22-000003	1	Joshua Rinier	Co-Owner	2022-06-06
0001911121-22-000003	1	Kristi Bentley	Administrative Secretary	2022-06-06
0001652564-22-000006	1	Paul H Miller	Owner, Managing Member	2022-06-06
0001929197-22-000002	1	Diana Siemer	President	2022-06-06
0001831180-22-000003	1	Miguel Reyes	CEO	2022-06-03
0001665160-22-001754	3	Denis Dancanet	Director	2022-06-06
0001665160-22-001754	2	Simina Farcasiu	CFO, Treasurer	2022-06-06
0001665160-22-001754	1	Andrei T. Evulet	President, CEO, CTO, Director	2022-06-06
0001919337-22-000003	1	Charles Garris	President & Founder	2022-06-06
0001777476-22-000001	2	Christos Gourmos	Co-Founder, Co-CEO	2022-06-06
0001777476-22-000001	1	Micha Magid	Co-Founder, Co-CEO	2022-06-06
0001665160-22-001751	1	John Danny Dubuk	CEO, CFO, Director, President	2022-06-06
0001924283-22-000002	1	Teresa Ann Gilchrist	President/CEO	2022-06-06
0001929197-22-000001	1	Diana Siemer	President	2022-06-06
0001670254-22-000643	1	Mario David Cortes	Manager	2022-05-05
0001670254-22-000643	2	David Riddile	Manager	2022-05-05
0001670254-22-000643	3	Chris Elford	Founder & CEO	2022-05-05
0001665160-22-001750	1	Thomas Edward Stevens	CEO	2022-06-03
0001669191-22-000625	1	Gregory  Duffell	Principal Executive Officer	2022-06-03
0001669191-22-000625	2	Francis  Ong	Principal Financial Officer	2022-06-03
0001669191-22-000625	3	Gregory  Duffell	Principal Accounting Officer	2022-06-03
0001669191-22-000625	4	Francis  Ong	Board Member	2022-06-03
0001669191-22-000625	5	Gregory  Duffell	Board Member	2022-06-03
0001719122-22-000004	1	Anshuman Vohra	Founder & CEO	2022-06-01
0001719122-22-000004	2	Rob Soni	Advisor, Chairman	2022-06-01
0001665160-22-001748	1	Arnold Leitner	CEO, Principal Executive Officer and Director, Principal Financial Officer	2022-06-03
0001665160-22-001748	2	Richard F Hoskins	Director	2022-06-03
0001746059-22-000225	1	Rebecca Colette	Owner and CEO	2022-06-03
0001746059-22-000224	1	Wardell Glass	Owner and Founder	2022-06-03
0001669191-22-000623	5	Stefano Gulbalis	Board Member	2022-06-03
0001669191-22-000623	6	Renatto Garro	Board Member	2022-06-03
0001669191-22-000623	7	Raul Documet	Board Member	2022-06-03
0001669191-22-000623	3	Luis  Rios	Principal Accounting Officer	2022-06-03
0001669191-22-000623	4	Luis  Rios	Board Member	2022-06-03
0001669191-22-000623	2	Efrain Rodriguez	Principal Financial Officer	2022-06-03
0001669191-22-000623	1	Luis  Rios	Principal Executive Officer	2022-06-03
0001790674-22-000004	1	Liza Paola Velarde Calvillo	Director	2022-06-02
0001790674-22-000004	3	Juan Felipe Yee de Leon	Director	2022-06-02
0001790674-22-000004	2	Alejandro Abarca Blanco	Director	2022-06-02
0001669191-22-000621	4	Paul Inglese	Board Member	2022-06-03
0001669191-22-000621	3	Scott Foster	Principal Accounting Officer	2022-06-03
0001669191-22-000621	1	Paul Inglese	Principal Executive Officer	2022-06-03
0001669191-22-000621	5	Kilton  Agolli	Board Member	2022-06-03
0001669191-22-000621	6	Dwaine Parker	Board Member	2022-06-03
0001669191-22-000621	7	Scott Foster	Board Member	2022-06-03
0001669191-22-000621	2	Scott Foster	Principal Financial Officer	2022-06-03
0001878632-22-000002	1	Bernard Garcia	Founder and CEO	2022-06-03
0001868902-22-000003	1	Nathan S Jacobs	CEO	2022-06-03
0001665160-22-001746	1	Waclaw Stevnert	CEO, Principal Executive Officer and Director, Principal Financial Officer and Principal Accounting Officer	2022-06-03
0001746059-22-000223	1	Richard Lane	Owner and CoFounder	2022-06-03
0001746059-22-000222	1	Richard Littzi	Owner and Founder	2022-06-03
0001746059-22-000221	1	Zachary Switzer	Owner and Founder	2022-06-03
0001746059-22-000220	1	Bruce Baird	Owner and CEO	2022-06-03
0001746059-22-000219	1	Alicia Micozzi	Owner and Founder	2022-06-03
0001746059-22-000218	1	Julie Beauchemin	Owner and Founder	2022-06-03
0001746059-22-000217	1	Daniel Bund	Owner and Founder	2022-06-03
0001746059-22-000216	1	Cody McCormack	Owner and Founder	2022-06-03
0001665160-22-001744	4	Hooman Simon Lahijani	Director	2022-06-02
0001665160-22-001744	3	Michael Tanzer	Director	2022-06-02
0001665160-22-001744	2	Hilart Abrahamian	COO	2022-06-02
0001665160-22-001744	1	Christopher Dellolio	CEO	2022-06-02
0001932075-22-000001	1	Peter Jackson	President	2022-06-03
0001917616-22-000002	1	Sean Austin	Chief Executive Officer	2022-06-02
0001670254-22-000638	2	Lonnie Adelman	CEO	2022-04-28
0001670254-22-000638	1	Susan Adelman	Board Member	2022-04-28
0001746059-22-000215	1	Richard Lane	Owner and CoFounder	2022-06-02
0001917616-22-000002	2	Gerwin Schalk	Director	2022-06-02
0001670254-22-000640	1	Ali Salamat	CEO	2022-06-01
0001670254-22-000635	3	Rada Sumareva	CEO	2022-05-02
0001670254-22-000635	2	Daniel Kogan	CTO	2022-05-02
0001670254-22-000635	1	Gennady Ukrainsky	Chief R&D Officer	2022-05-02
0001665160-22-001741	2	Charles Fisher	CFO and Director	2022-06-02
0001665160-22-001741	1	Kelly Roman	CEO and Director	2022-06-02
0001665160-22-001740	1	Eugene Cordero	CEO and Director	2022-06-02
0001665160-22-001740	2	Leah Tremblay	Chief Financial Officer	2022-06-02
0001746059-22-000214	1	Christopher Greene	Owner and CoFounder	2022-06-02
0001828173-22-000004	1	Pete Bender	Owner Manager	2022-06-02
0001670254-22-000634	2	Michael B. DiVerde	Director	2022-05-19
0001670254-22-000634	1	DAVID J KELLEY	CEO	2022-05-31
0001670254-22-000634	3	Kyrtin Atreides	Operations Chief, Scientist, Founder	2022-05-19
0001670254-22-000634	4	Kyrtin Atreides	COO	2022-05-04
0001670254-22-000634	5	Kyrtin Atreides	Operations Chief, Scientist, Founder	2022-05-03
0001670254-22-000633	2	John Lee	Executive Chairman	2022-05-11
0001670254-22-000633	1	Stephen Wollwerth	President	2022-05-11
0001670254-22-000633	3	Jason Brents	CEO	2022-05-11
0001830789-22-000003	3	Mark Accomando	Board Member	2022-06-02
0001830789-22-000003	2	Daniel Fetner	Founder & Advisor	2022-06-02
0001830789-22-000003	1	Cliff Fetner	Founder/CEO	2022-06-02
0001828173-22-000002	1	Pete Bender	Owner Manager	2022-06-02
0001929442-22-000005	1	Randall Matthews	Founder, Owner	2022-05-24
0001670254-22-000631	3	Jonah Fialkow	CEO	2022-05-27
0001670254-22-000631	2	David Maxwell Pawlan	Head of Product	2022-05-27
0001670254-22-000631	1	Caleb DeRuiter	Head of Growth	2022-05-27
0001746059-22-000213	1	Tracy Pointer	Owner and Founder	2022-06-02
0001917616-22-000001	1	Sean Austin	Chief Executive Officer	2022-06-02
0001917616-22-000001	2	Gerwin Schalk	Director	2022-06-02
0001665160-22-001739	1	Yogesh Pandit	CEO and Chairman of the Board	2022-06-02
0001747795-22-000003	1	/s/Ladar Levison	Founder & CEO	2022-06-02
0001747795-22-000001	1	/s/Ladar Levison	Founder & CEO	2022-05-31
0001669191-22-000619	2	Francis  Ong	Principal Financial Officer	2022-06-02
0001669191-22-000619	3	Gregory  Duffell	Principal Accounting Officer	2022-06-02
0001669191-22-000619	1	Gregory  Duffell	Principal Executive Officer	2022-06-02
0001669191-22-000619	4	Francis  Ong	Board Member	2022-06-02
0001669191-22-000619	5	Gregory  Duffell	Board Member	2022-06-02
0001929207-22-000003	1	Douglas Weinstein	Treasurer	2022-06-02
0001665160-22-001738	1	Douglas Kihm	CEO	2022-06-01
0001665160-22-001738	2	Lloyd Stewart	CFO, Director	2022-06-01
0001719122-22-000001	1	Anshuman Vohra	Founder & CEO	2022-06-01
0001719122-22-000001	2	Rob Soni	Advisor, Chairman	2022-06-01
0001819905-22-000001	1	Keith Kullberg	President	2022-06-01
0001760986-22-000002	1	Punit Seth	Director	2022-06-01
0001760986-22-000002	2	Shovahn Rincon	Director	2022-06-01
0001760986-22-000002	3	Chris Burggraeve	Director	2022-06-01
0001665160-22-001737	1	Vasily Starostenko	Director	2022-06-01
0001665160-22-001737	2	Robert James	CTO and Director	2022-06-01
0001665160-22-001737	3	Valentin Scinteie	Director	2022-06-01
0001742162-22-000001	1	Tanen Andrews	Founder/CEO	2022-06-01
0001925912-22-000002	1	Suzanne Phengsy	President	2022-06-01
0001875534-22-000003	1	Billy Carson by Sean Fuellhart POA	CEO	2022-06-01
0001746059-22-000212	1	Katherine Redman	Program Director	2022-06-01
0001924883-22-000003	1	Uri Goldenberg	CEO	2022-06-01
0001924883-22-000003	2	Eyal Goldenberg	Manager	2022-06-01
0001669191-22-000617	1	David  Restiano	Principal Executive Officer	2022-06-01
0001669191-22-000617	6	Alfred  Colantoni Jr.	Board Member	2022-06-01
0001669191-22-000617	5	David  Restiano	Board Member	2022-06-01
0001669191-22-000617	4	Daniel Staats	Board Member	2022-06-01
0001669191-22-000617	3	David  Restiano	Principal Accounting Officer	2022-06-01
0001669191-22-000617	2	David  Restiano	Principal Financial Officer	2022-06-01
0001930889-22-000001	1	Daniel O'Connor	Director and Officer	2022-06-01
0001805273-22-000001	2	Alan Lau	Chief Operating Officer, Director	2022-05-31
0001805273-22-000001	1	Pranav Sachdev	Chief Executive Officer, Director	2022-05-31
0001031744-22-000002	1	Frank I. Igwealor by Sean Fuellhart POA	President	2022-06-01
0001665160-22-001735	1	George Andrew Ochoa	Chief Executive Officer, Director, Chairman	2022-06-01
0001844988-22-000004	2	Maia Monell	Director and Chief Growth Officer	2022-05-31
0001665160-22-001733	1	Scott George	CEO	2022-05-31
0001670254-22-000628	3	Miles Carroll	COO	2022-05-31
0001844988-22-000004	1	Erin Papworth	Director and Chief Executive Officer	2022-05-31
0001670254-22-000628	1	Jay Moore	Director	2022-05-31
0001670254-22-000628	2	matthew parsons	Director	2022-05-31
0001665160-22-001730	1	Sal Rafanelli	President and CEO	2022-05-31
0001665160-22-001730	3	Joseph C Bissonnette	Chief Financial Officer and Principle Accounting Officer	2022-05-31
0001665160-22-001730	2	Todd Krasinsky	Chief Strategy Officer and Director	2022-05-31
0001665160-22-001727	1	Daniel P. White	CFO, Secretary, Treasurer and Director	2022-05-31
0001917958-22-000006	1	Kelly Brown	President	2022-05-31
0001917958-22-000005	1	Rosemary Mihalko	President	2022-05-31
0001917958-22-000004	1	Daniel Rockrohr	Co-Owner	2022-05-31
0001669191-22-000615	1	Shari Noonan	Principal Executive Officer	2022-05-31
0001669191-22-000615	4	Shari Noonan	Board Member	2022-05-31
0001669191-22-000615	3	Shari Noonan	Principal Accounting Officer	2022-05-31
0001669191-22-000615	2	Shari Noonan	Principal Financial Officer	2022-05-31
0001669191-22-000613	3	Gary  Levine	Principal Accounting Officer	2022-05-31
0001669191-22-000613	4	Mike Ortega	Board Member	2022-05-31
0001669191-22-000613	2	Gary  Levine	Principal Financial Officer	2022-05-31
0001669191-22-000613	1	Mike Ortega	Principal Executive Officer	2022-05-31
0001669191-22-000613	5	Dan Cox	Board Member	2022-05-31
0001665160-22-001725	2	David Scalzo	Board Member	2022-05-31
0001665160-22-001725	1	Brian Tisher	CFO	2022-05-31
0001665160-22-001725	3	Joseph Heanue	Board Member	2022-05-31
0001746059-22-000211	1	Thomas Johnson	Owner and CoFounder	2022-05-31
0001931256-22-000003	1	Jill Ferrari	Managing Partner	2022-05-31
0001665160-22-001723	2	Antoinette Gaskin	Board Member	2022-05-31
0001665160-22-001723	1	Terrence Gaskin	Board Member	2022-05-31
0001665160-22-001722	1	David Bennett	CEO, Director	2022-05-31
0001665160-22-001722	3	Ian Gibson	President, Co-Founder, Director	2022-05-31
0001665160-22-001722	2	Zach Adams	Chief Technology Officer, Co-Founder, Secretary, Director	2022-05-31
0001931256-22-000002	1	Brinda Devine	Manager	2022-05-31
0001929207-22-000001	1	Douglas Weinstein	Treasurer	2022-05-31
0001670254-22-000625	2	Johannes Joubert	Management Consultant	2022-05-27
0001670254-22-000625	3	Jacques Fourie	President and Chief Executive Officer	2022-05-26
0001665160-22-001720	1	David Colleen	CEO, Principal Executive Officer and Director, Principal Financial Officer and Principal Accounting Officer	2022-05-27
0001670254-22-000624	1	Patrick Shaughnessy Ziegler	CGO	2022-05-20
0001670254-22-000624	2	Chris Putsch	Founder, CEO	2022-05-19
0001670254-22-000627	1	Sriram Ramanathan	Co-Founder and advisor	2022-05-06
0001670254-22-000625	1	Timothy ODonnell	Independent Director	2022-05-27
0001665160-22-001718	1	Jason Richards	CEO, Principal Executive Officer and Director, Principal Financial Officer and Principal Accounting Officer	2022-05-27
0001670254-22-000627	2	Sumanth Swaminathan, PhD	CoFounder & CEO	2022-04-20
0001665160-22-001716	1	David Colleen	CEO, Principal Executive Officer and Director, Principal Financial Officer and Principal Accounting Officer	2022-05-27
0001665160-22-001715	1	David Colleen	CEO, Principal Executive Officer and Director, Principal Financial Officer and Principal Accounting Officer	2022-05-27
0001665160-22-001714	1	David Colleen	CEO, Principal Executive Officer and Director, Principal Financial Officer and Principal Accounting Officer	2022-05-27
0001670254-22-000623	2	Russell Colman	Treasurer	2022-05-26
0001670254-22-000623	3	Josh Simons	CEO	2022-05-25
0001670254-22-000623	1	Barry Palmer	Co-Founder	2022-05-27
0001644600-22-000092	2	James McGinley	Chief Executive Officer, President, and Director	2022-05-27
0001644600-22-000092	3	Paul Powers	Chief Business Development Officer and Director	2022-05-27
0001644600-22-000092	1	Christopher Headrick	Founder, Executive Chairman, and Chief Technology Officer	2022-05-27
0001644600-22-000092	4	Neil Goulden	Chief Administrative Officer, Treasurer, Secretary, Principal Financial and Accounting Officer, and Director	2022-05-27
0001905263-22-000001	2	Kevin Schneider	Manager	2022-05-26
0001905263-22-000001	1	Zachary Collins	Manager	2022-05-26
0001884488-22-000003	1	Charles Schaffer	President	2022-05-27
0001871262-22-000004	1	Charles Schaffer	President	2022-05-27
0001926643-22-000001	1	Joe Sciacchetano	Founder & CEO	2022-05-27
0001665160-22-001712	2	Michael Yewdell	Chief Sales Officer	2022-05-27
0001665160-22-001712	3	Tarun Singh	Chief Marketing Officer and Director	2022-05-27
0001665160-22-001712	1	Russell Saks	CEO and Director	2022-05-27
0001669191-22-000611	5	Cynthia Archer	Board Member	2022-05-27
0001669191-22-000611	4	Christopher Kelley	Board Member	2022-05-27
0001669191-22-000611	3	Bina Khan	Principal Accounting Officer	2022-05-27
0001669191-22-000611	2	Bina Khan	Principal Financial Officer	2022-05-27
0001669191-22-000611	1	Zachary Sadow	Principal Executive Officer	2022-05-27
0001669191-22-000609	4	Uri Stern	Board Member	2022-05-27
0001669191-22-000609	3	David Young	Principal Accounting Officer	2022-05-27
0001669191-22-000609	5	Michael Herr	Board Member	2022-05-27
0001669191-22-000609	2	David Young	Principal Financial Officer	2022-05-27
0001669191-22-000609	1	David Young	Principal Executive Officer	2022-05-27
0001669191-22-000607	5	Charles Guillory	Board Member	2022-05-27
0001669191-22-000607	6	R. Glenn Kirk	Board Member	2022-05-27
0001669191-22-000607	7	John Honour	Board Member	2022-05-27
0001669191-22-000607	4	James Gaspard	Board Member	2022-05-27
0001669191-22-000607	1	John Honour	Principal Executive Officer	2022-05-27
0001669191-22-000607	3	R. Glenn Kirk	Principal Accounting Officer	2022-05-27
0001669191-22-000607	2	R. Glenn Kirk	Principal Financial Officer	2022-05-27
0001669191-22-000606	6	Jeromee Johnson	Board Member	2022-05-27
0001669191-22-000606	4	Richard Heckinger	Board Member	2022-05-27
0001669191-22-000606	3	Robert Krause	Principal Accounting Officer	2022-05-27
0001669191-22-000606	2	Robert Krause	Principal Financial Officer	2022-05-27
0001669191-22-000606	1	Robert Krause	Principal Executive Officer	2022-05-27
0001669191-22-000606	5	Robert Krause	Board Member	2022-05-27
0001669191-22-000605	2	Manuel Teixeira	Principal Financial Officer	2022-05-27
0001669191-22-000605	1	Manuel Teixeira	Principal Executive Officer	2022-05-27
0001669191-22-000605	3	Manuel Teixeira	Principal Accounting Officer	2022-05-27
0001669191-22-000605	4	Thomas Carmody	Board Member	2022-05-27
0001665160-22-001710	1	Lauren Maggio	CEO, President, and Director	2022-05-27
0001665160-22-001710	2	John Maggio	Treasurer and Director	2022-05-27
0001931256-22-000001	1	Brinda Devine	Manager	2022-05-27
0001665160-22-001708	1	Jon Stone	CEO, Secretary, Director, Treasurer and Founder	2022-05-27
0001665160-22-001707	1	Jonathan Tourgee	CEO	2022-05-27
0001925986-22-000010	1	THOMAS ELLIOTT	Managing Member	2022-05-27
0001746059-22-000210	1	Tomas Nenortas	Owner and Founder	2022-05-26
0001746059-22-000209	1	Tomas Nenortas	Owner and Founder	2022-05-26
0001746059-22-000208	1	Debonette Wyatt	Owner and Founder	2022-05-26
0001884488-22-000002	1	Charles Schaffer	President	2022-05-26
0001665160-22-001705	1	James Bradley Sund, Sr.	CEO, Principal Executive Officer and Director, Principal Financial Officer and Principal Accounting Officer	2022-05-26
0001871262-22-000003	1	Charles Schaffer	President	2022-05-26
0001917974-22-000001	1	Brandon Bosco	Director	2022-05-26
0001917974-22-000001	2	Luke Colburn	Director	2022-05-26
0001917974-22-000001	3	Michael C. Musick	Director	2022-05-26
0001917974-22-000001	4	Christopher Sims	Director	2022-05-26
0001096906-22-001284	1	/s/ Jill Dempsey	CEO	2022-05-25
0001669191-22-000600	2	Paige  Britt	Principal Financial Officer	2022-05-26
0001669191-22-000600	1	Kellee Khalil	Principal Executive Officer	2022-05-26
0001669191-22-000600	5	Marc  Bishara	Board Member	2022-05-26
0001669191-22-000600	4	Kellee Khalil	Board Member	2022-05-26
0001669191-22-000600	3	Kellee Khalil	Principal Accounting Officer	2022-05-26
0001669191-22-000599	2	Peter  Goodman	Principal Financial Officer	2022-05-26
0001669191-22-000599	1	Peter  Goodman	Principal Executive Officer	2022-05-26
0001669191-22-000599	4	Peter  Goodman	Board Member	2022-05-26
0001669191-22-000599	3	Peter  Goodman	Principal Accounting Officer	2022-05-26
0001669191-22-000598	2	Daniel Done	Principal Financial Officer	2022-05-26
0001669191-22-000598	4	Daniel Done	Board Member	2022-05-26
0001669191-22-000598	1	Daniel Done	Principal Executive Officer	2022-05-26
0001669191-22-000598	3	Daniel Done	Principal Accounting Officer	2022-05-26
0001930516-22-000001	1	Garrett Paulman	Manager	2022-05-26
0001746059-22-000207	1	Eddie Brhellan	Owner and CoFounder	2022-05-26
0001926779-22-000001	1	Lauryn Swanger	Co-Owner	2022-05-26
0001670254-22-000621	3	John Lee	Executive Chairman	2022-05-23
0001746059-22-000206	1	Ryan Baker	Owner and CEO	2022-05-25
0001670254-22-000621	1	Jason Brents	President  COO	2022-05-23
0001670254-22-000616	4	Anna Gudmundson	CEO & Co-founder	2022-05-24
0001670254-22-000616	3	Stefan Chmelik	Mr	2022-05-25
0001670254-22-000616	2	Pingle Sanjay Reddy	Partner	2022-05-25
0001670254-22-000616	1	Bertrand Velge	Director	2022-05-25
0001926303-22-000001	1	Don Buckner	Founder/CEO	2022-05-25
0001670254-22-000617	3	Mason Arnold	Chief Dogxecutive Officer	2022-05-24
0001670254-22-000617	2	Jeffrey Paine	Chief Dogperating Officer	2022-05-24
0001670254-22-000617	1	Jessica Kezar	Vice Pawsident of Sales & Marketing	2022-05-24
0001104659-22-064765	2	/s/ Jason Hobson	Director	2022-05-25
0001104659-22-064765	1	/s/ David Niksad	Chief Executive Officer, Principal Financial Officer, Principal Accounting Officer and Director	2022-05-25
0001670254-22-000619	1	Marcos Bulacio	CEO and Co-Founder	2022-05-24
0001670254-22-000621	2	Stephen Wollwerth	Vice President  CCO	2022-05-23
0001746059-22-000205	1	Billy Joseph Darr	President	2022-05-25
0001746059-22-000204	1	Kayley Stasiewski	Owner and CoFounder	2022-05-25
0001746059-22-000203	1	Christopher Place	Owner and Founder	2022-05-25
0001929443-22-000001	1	Minta Carlson	Managing Member	2022-05-25
0001665160-22-001703	1	Jon Stone	President, CEO, Secretary, Treasurer and Founder	2022-05-25
0001911232-22-000003	1	Reesa Kashuk	Owner	2022-05-24
0001670254-22-000613	1	Melissa Mullen	CEO & Founder	2022-05-19
0001911232-22-000004	1	Reesa Kashuk	Owner	2022-05-24
0001784242-22-000002	1	Jina Osumi	President	2022-05-24
0001670254-22-000611	2	Roman Novozhenov	CEO	2022-05-18
0001670254-22-000611	1	Andreas Wuzke	Chief Business Development Officer	2022-05-18
0001665160-22-001701	1	Josh Kimmel	CEO, Principal Executive Officer and Director, Principal Financial Officer and Principal Accounting Officer	2022-05-24
0001670254-22-000609	3	Max Echeverria	Founder & CEO	2022-05-20
0001670254-22-000609	1	Rachael McCarthy	Director	2022-05-24
0001670254-22-000609	2	Paul Michael Daoust	Director	2022-05-23
0001889396-22-000001	1	Michael Paul	Owner	2022-05-24
0001858218-22-000002	1	Taneka M. Walker	CEO	2022-05-24
0001858218-22-000001	1	Taneka M. Walker	CEO	2022-05-24
0001517990-22-000004	1	Troy Davis	President	2022-05-24
0001923348-22-000006	1	Christopher Sanders	Manager of MV Management, LLC	2022-04-28
0001923348-22-000006	2	Daniel Asbury	Class M Member of MVManagement, LLC	2022-04-28
0001923348-22-000006	4	John Raymond	Class M Member of MVManagement, LLC	2022-04-28
0001923348-22-000006	5	Richard Reeve	Class M Member of MVManagement, LLC	2022-04-28
0001923348-22-000006	3	Timothy Willie	Class M Member of MVManagement, LLC	2022-04-28
0001923348-22-000005	2	Daniel Asbury	Class M Member of MVManagement, LLC	2022-04-28
0001923348-22-000005	1	Christopher Sanders	Manager of MV Management, LLC	2022-04-28
0001923348-22-000005	3	Timothy Willie	Class M Member of MVManagement, LLC	2022-04-28
0001923348-22-000005	5	Richard Reeve	Class M Member of MVManagement, LLC	2022-04-28
0001923348-22-000005	4	John Raymond	Class M Member of MVManagement, LLC	2022-04-28
0001665160-22-001699	2	Debra Angilletta	CFO	2022-05-24
0001665160-22-001699	1	Marla Isackson	CEO, President, Secretary, and Treasurer	2022-05-24
0001665160-22-001696	1	David Luks	Founder	2022-05-24
0001665160-22-001693	1	Tamar Lucien Blue	CEO and Director	2022-05-23
0001872965-22-000003	1	Paul Trendler	President & Owner	2022-05-23
0001872965-22-000001	1	Paul Trendler	Co-Owner	2022-05-23
0001665160-22-001691	1	Cathi Lamberti	Chief Executive Officer, Chairperson of the board of directors, and founder of SMARTfit	2022-05-23
0001665160-22-001691	3	Frauke Wittmer Grant	Board Secretary, Interim CFO, Board Member	2022-05-23
0001665160-22-001691	4	James Manley	CTO, Board Member	2022-05-23
0001665160-22-001691	2	Greg Blanchard	Board member	2022-05-23
0001905865-22-000001	1	Timur Chernenko	President, CEO, Secretary and Sole Director	2022-05-23
0001675390-22-000003	1	Christopher J. Kramer	Chief Executive Officer	2022-05-23
0001746059-22-000202	1	Joseph Price	Owner and Founder	2022-05-23
0001748804-22-000002	1	Akiva Resnikoff	CEO	2022-05-23
0001669191-22-000593	2	Michael Berk	Principal Financial Officer	2022-05-23
0001669191-22-000593	3	Mark Bradley	Principal Accounting Officer	2022-05-23
0001669191-22-000593	4	Mark Bradley	Board Member	2022-05-23
0001669191-22-000593	5	Michael Berk	Board Member	2022-05-23
0001669191-22-000593	1	Mark Bradley	Principal Executive Officer	2022-05-23
0001823771-22-000004	1	Joseph Rosenberg	Managing Member of Grove North Ventures LLC	2022-05-23
0001823771-22-000003	1	Joseph Rosenberg	Managing Member of Grove North Ventures LLC	2022-05-23
0001923446-22-000001	1	Magdalena Wojcik	COO	2022-05-23
0001665160-22-001689	1	Phil Layton	CEO, Principal Executive Officer and Director, Principal Financial Officer and Principal Accounting Officer	2022-05-23
0001926107-22-000001	1	Aaron Counts	Member/Manager	2022-05-23
0001670254-22-000602	1	Kris Schumacher	Founding Partner	2022-05-19
0001670254-22-000607	2	Chris Klug	CEO	2022-05-20
0001670254-22-000607	1	Michael Reynolds	COO	2022-05-20
0001747584-22-000020	1	Bryan Garcia	Duly Authorized	2022-05-20
0001670254-22-000605	1	Melanie Akwule	Founder & CEO	2022-05-20
0001670254-22-000600	1	Goutam Gobburu Mohan	Co-CEO	2022-05-19
0001670254-22-000600	2	Vijay Krishnan	Cofounder & Co-CEO	2022-05-19
0001670254-22-000604	1	Anna Howland	Director	2022-05-20
0001670254-22-000604	2	Jake Howland	Founder + CEO	2022-05-20
0001665160-22-001688	1	Kimberly A. Hoffman	Sr. VP and Director	2022-05-20
0001665160-22-001688	2	Justin R. Dearborn	VP, National Sales	2022-05-20
0001670254-22-000602	2	Havell Rodrigues	Founding Partner	2022-05-19
0001807812-22-000001	1	Amie Garcia	Co-Owner	2022-05-20
0001665160-22-001685	2	Michael LeMaire	Director/Secretary	2022-05-20
0001665160-22-001685	1	Lynnet Koh	Executive Chairman and CEO	2022-05-20
0001665160-22-001685	3	Thomas (Tom) H. Bliss, Jr.	Director and Chief Financial Officer	2022-05-20
0001665160-22-001683	1	Daniel White	Co-founder, CEO and Director	2022-05-20
0001665160-22-001683	2	Michael Nedell	Co-founder, COO and Director	2022-05-20
0001852231-22-000001	1	Jason Smith	Chief Executive Officer	2022-05-20
0001665160-22-001681	2	Bryan Butvidas	COO, Board Member, Principal Accounting Officer	2022-05-20
0001665160-22-001681	1	Karla Butvidas	CEO, Board Member	2022-05-20
0001665160-22-001679	1	Cara Bucciferro	Founder, CEO, President and Director	2022-05-20
0001669191-22-000590	1	Kellee Khalil	Principal Executive Officer	2022-05-20
0001669191-22-000590	5	Marc  Bishara	Board Member	2022-05-20
0001669191-22-000590	4	Kellee Khalil	Board Member	2022-05-20
0001669191-22-000590	3	Kellee Khalil	Principal Accounting Officer	2022-05-20
0001669191-22-000590	2	Paige  Britt	Principal Financial Officer	2022-05-20
0001669191-22-000586	1	Bradley Larschan	Principal Executive Officer	2022-05-20
0001669191-22-000586	4	Ericka Wojack	Board Member	2022-05-20
0001669191-22-000586	3	Ericka Wojack	Principal Accounting Officer	2022-05-20
0001669191-22-000586	2	Ericka Wojack	Principal Financial Officer	2022-05-20
0001669191-22-000586	5	Bradley Larschan	Board Member	2022-05-20
0001669191-22-000586	6	Yuichiro Takayanagi	Board Member	2022-05-20
0001665160-22-001677	1	Sara Margulis	CEO, Principal Executive Officer and Director, Principal Financial Officer and Principal Accounting Officer	2022-05-20
0001746059-22-000201	1	Paul Walker	CFO	2022-05-20
0001920988-22-000001	2	Mike Jones	Director	2022-05-20
0001920988-22-000001	1	Arthur Menard de Calenge	Director	2022-05-20
0001920988-22-000001	3	Thomas Calichiama	Director	2022-05-20
0001879667-22-000004	1	Doron Petersan	President & Owner	2022-05-20
0001879667-22-000003	1	Manuel Cosme	President & CEO	2022-05-20
0001917773-22-000005	1	John Kozlowski	CEO	2022-05-20
0001883302-22-000001	1	Doron Petersan	President & Owner	2022-05-20
0001669191-22-000582	3	Lisa Newmann	Principal Accounting Officer	2022-05-20
0001669191-22-000582	1	Lisa Newmann	Principal Executive Officer	2022-05-20
0001669191-22-000582	2	Lisa Newmann	Principal Financial Officer	2022-05-20
0001669191-22-000582	4	Lisa Newmann	Board Member	2022-05-20
0001783580-22-000006	1	Alex Wang	Director	2022-05-20
0001783580-22-000006	3	Mario Lazaro	Director	2022-05-20
0001783580-22-000006	2	Guillaume Torche	Director	2022-05-20
0001847831-22-000002	1	Ralph Rapa	President	2022-05-20
0001670254-22-000598	2	Ranganathan TA	CFO	2022-05-13
0001670254-22-000598	1	Narayan Iyer	Founder and CEO	2022-05-19
0001670254-22-000594	2	Richard Pate	Founder & CEO	2022-05-19
0001670254-22-000596	1	Jared Schiffman	Founder & CEO	2022-05-17
0001670254-22-000594	1	Aline Pate	Director	2022-05-19
0001644600-22-000089	4	Neil Goulden	Chief Administrative Officer, Treasurer, Secretary, and Director	2022-05-19
0001644600-22-000089	3	Paul Powers	Chief Business Development Officer and Director	2022-05-19
0001644600-22-000089	2	James McGinley	Chief Executive Officer,President, and Director	2022-05-19
0001644600-22-000089	1	Christopher Headrick	Founder, Executive Chairman, and Chief Technology Officer	2022-05-19
0001914734-22-000004	1	Tanya Vucetic	CEO	2022-05-19
0001644600-22-000088	1	Michael Presti	President, Chief Executive Officer, and Secretary	2022-05-19
0001665160-22-001675	1	James V. Branstetter	CFO and Director	2022-05-19
0001855340-22-000002	1	Leon Reffreger	Chief Executive Officer	2022-05-19
0001855340-22-000002	2	Juan Comparan	President	2022-05-19
0001855340-22-000002	3	Dana Farbo	Treasurer	2022-05-19
0001665160-22-001674	1	Ben Chang	President, CEO, CFO, Director	2022-05-19
0001868907-22-000001	1	Alex Giannikoulis	Chief Executive Officer and Director	2022-05-19
0001879667-22-000002	1	Manuel Cosme	President & CEO	2022-05-19
0001929169-22-000001	1	Natalia Kalloo	Owner	2022-05-19
0001903596-22-000338	1	/s/ Cedric Yengo	President and Chief Executive Officer	2022-05-19
0001669191-22-000580	2	Lisa Newmann	Principal Financial Officer	2022-05-19
0001669191-22-000580	3	Lisa Newmann	Principal Accounting Officer	2022-05-19
0001669191-22-000580	4	Lisa Newmann	Board Member	2022-05-19
0001669191-22-000580	1	Lisa Newmann	Principal Executive Officer	2022-05-19
0001644600-22-000085	1	Michael Presti	President, Chief Executive Officer, and Secretary	2022-05-19
0001746059-22-000200	1	Tiffany Pauldon	Owner and Founder	2022-05-19
0001746059-22-000199	1	Eric Flanagan	Owner and Founder	2022-05-19
0001746059-22-000198	1	Carl Richardson	Owner and Founder	2022-05-19
0001746059-22-000197	1	Christian Taggart	Owner and CoFounder	2022-05-19
0001928129-22-000002	2	Amy Wells	Member	2022-05-18
0001928129-22-000002	1	Cameron Wells	Member	2022-05-18
0001925912-22-000001	1	Suzanne Phengsy	President	2022-05-18
0001665160-22-001672	2	Charles Fisher	CFO and Director	2022-05-18
0001665160-22-001672	1	Kelly Roman	CEO and Director	2022-05-18
0001665160-22-001670	2	Conrad Smith	CRO	2022-05-18
0001665160-22-001670	1	Peter Griscom	CEO and Director	2022-05-18
0001421744-22-000002	5	Gordon Ramseier	CEO & President	2022-05-17
0001670254-22-000588	1	Michael J Montgomery	Director	2022-05-13
0001670254-22-000588	2	Ashok Kunder	Senior Vice President	2022-05-13
0001670254-22-000588	3	Anuraag Srivastava	COO	2022-05-13
0001670254-22-000588	4	Neeraj Bhargava	CEO	2022-05-12
0001670254-22-000588	5	Kishore Mirchandani	CFO	2022-05-12
0001670254-22-000592	1	Matthew Privratsky	Co-Founder, Board Member	2022-04-22
0001670254-22-000592	2	Susan Earle	CFO	2022-04-21
0001670254-22-000592	3	Wesley Holmes Burdine	Cofounder	2022-04-21
0001670254-22-000592	4	Allison Reinke	Board Member	2022-04-21
0001670254-22-000592	5	Andra Carroll-Franck	Board Member and Co-Founder	2022-04-20
0001670254-22-000592	6	Andrea Yoch	President and Co-Founder	2022-04-20
0001670254-22-000593	1	Ethan Ash	Board Member	2022-05-05
0001670254-22-000593	2	Mark V Lomanno	Board Member	2022-05-04
0001670254-22-000593	3	Joseph E. Lavin	Board Member	2022-05-04
0001670254-22-000593	4	Matthew Moss	Chief Development Officer	2022-05-04
0001670254-22-000593	5	Robert Frisch	Co-Founder and CEO	2022-05-04
0001421744-22-000002	4	Tracey Goeken	CEO & President	2022-05-17
0001421744-22-000002	3	Phil LoGrasso	CEO & President	2022-05-17
0001421744-22-000002	2	Joey Bose	CEO & President	2022-05-17
0001421744-22-000002	1	Gaetano Scuderi	Founder & Chairman of the Board	2022-05-17
0001670254-22-000590	2	Dahlia Eisenberg	Founder, CEO	2022-05-10
0001922949-22-000004	1	Kurt Chen	Manager	2022-05-17
0001665160-22-001668	1	Jon Stone	President, CEO, Secretary, Treasurer and Founder	2022-05-17
0001670254-22-000590	1	Tamer Shafik	COO	2022-05-10
0001670254-22-000586	2	Peter Muller	CTO	2022-04-07
0001670254-22-000586	1	Paul Klahn	CEO	2022-05-04
0001669191-22-000578	6	Dwaine Parker	Board Member	2022-05-17
0001669191-22-000578	3	Scott Foster	Principal Accounting Officer	2022-05-17
0001669191-22-000578	4	Paul Inglese	Board Member	2022-05-17
0001669191-22-000578	1	Paul Inglese	Principal Executive Officer	2022-05-17
0001669191-22-000578	5	Kilton  Agolli	Board Member	2022-05-17
0001669191-22-000578	7	Scott Foster	Board Member	2022-05-17
0001669191-22-000578	2	Scott Foster	Principal Financial Officer	2022-05-17
0001670254-22-000585	2	Alexander Shkolnik	CEO	2022-05-05
0001670254-22-000585	3	Nikolay Shkolnik	CTO	2022-05-05
0001670254-22-000585	1	Per Suneby	SVP, Corporate Development	2022-05-05
0001670254-22-000585	4	Alexander Shkolnik	CEO	2022-05-05
0001808907-22-000004	5	Tonya Wearner	Co-Founder / Board	2022-05-17
0001808907-22-000004	6	Brad Seipp	Co-Founder / Board	2022-05-17
0001808907-22-000004	3	Marcelo Kertesz	Co-Founder / Board	2022-05-17
0001808907-22-000004	4	Ryan Mulvany	Co-Founder / Board	2022-05-17
0001808907-22-000004	2	Ben Acott	Co-Founder / Board	2022-05-17
0001808907-22-000004	1	Chris Boyd	CO-FOUNDER / CEO	2022-05-17
0001669191-22-000576	7	Clifford Martin	Board Member	2022-05-17
0001669191-22-000576	5	Dale Amon	Board Member	2022-05-17
0001669191-22-000576	4	Sunil Ahuja	Board Member	2022-05-17
0001669191-22-000576	2	Sunil Ahuja	Principal Financial Officer	2022-05-17
0001669191-22-000576	6	Arlene  Dodds	Board Member	2022-05-17
0001669191-22-000576	3	Sunil Ahuja	Principal Accounting Officer	2022-05-17
0001669191-22-000576	1	Dale Amon	Principal Executive Officer	2022-05-17
0001670254-22-000583	1	Avish Bhama	Founder, CEO at Klinic	2022-05-16
0001665160-22-001666	1	Lyn Yaffe, M.D.	President, CEO, Principal Executive Officer, Director, Principal Financial Officer and Principal Accounting Officer	2022-05-17
0001665160-22-001666	2	Thomas Hardiman	Executive Vice President and Member of the Board of Directors	2022-05-17
0001665160-22-001666	3	Brad Stezoski	Member of the Board of Directors	2022-05-17
0001724714-22-000002	2	Arup Bhattacharya	Director	2022-05-16
0001724714-22-000002	1	John Wu	Director	2022-05-16
0001670254-22-000580	2	John Malele	Co-Founder / President	2022-05-16
0001670254-22-000580	1	Natalie Doris Malele	CEO	2022-05-16
0001929145-22-000001	1	Arlan Hamilton	Director	2022-05-16
0001554477-22-000001	1	Jared Augustine	Founder, CEO, Principal executive officer, Principal financial officer, Controller, Principal accounting officer	2022-05-16
0001665160-22-001663	1	Vitaly Khusidman	CEO, Principal Executive Officer and Director, Principal Financial Officer and Principal Accounting Officer	2022-05-16
0001724714-22-000002	3	Sanjeev Kumar	Director	2022-05-16
0001903596-22-000309	1	/s/ Frank I Igwealor	President and Chief Executive Officer	2022-05-16
0001665160-22-001665	2	Leah Tremblay	Chief Financial Officer	2022-05-16
0001665160-22-001665	1	Eugene Cordero	CEO and Director	2022-05-16
0001917699-22-000021	1	Hon. Larry Shelton	CEO	2022-05-16
0001917116-22-000008	1	Maureen Washington	President	2022-05-16
0001669191-22-000573	4	Daniel Done	Board Member	2022-05-16
0001669191-22-000573	1	Daniel Done	Principal Executive Officer	2022-05-16
0001669191-22-000573	2	Daniel Done	Principal Financial Officer	2022-05-16
0001669191-22-000573	3	Daniel Done	Principal Accounting Officer	2022-05-16
0001883555-22-000001	1	Chris Chiari	Director	2022-05-16
0001746059-22-000196	1	Bobby McAfee-Leason	Owner and Founder	2022-05-16
0001805056-22-000006	1	Ian Eyberg	CEO & Director	2022-05-16
0001805056-22-000006	2	Ian Eyberg	CEO & Director	2022-05-16
0001917116-22-000007	1	Justin Lyle	Co-Owner	2022-05-16
0001670254-22-000579	2	Steve Taplin	Co-Founder, CEO	2022-05-09
0001670254-22-000579	1	David Turner	Co Founder	2022-05-10
0001917116-22-000006	1	Stephanie Herrera	President	2022-05-16
0001665160-22-001661	1	Sara Margulis	CEO, Principal Executive Officer and Director, Principal Financial Officer and Principal Accounting Officer	2022-05-16
0001665160-22-001658	1	Gus Bateas	EVP and COO	2022-05-16
0001928181-22-000002	1	Derrick Butler	Founder and CEO	2022-05-16
0001868109-22-000001	1	Michael Belkowski	Director	2022-05-16
0001847831-22-000001	1	Ralph Rapa	President	2022-05-16
0001670254-22-000577	4	Patrick Casey	Director of Finance & Project Management	2022-05-13
0001670254-22-000575	1	Michelle R. Johnson	Co-Founder	2022-05-05
0001670254-22-000575	2	Josh Rudolf	Co-Founder	2022-05-05
0001644600-22-000083	1	Ilya Schiller	President, Director	2022-05-13
0001644600-22-000083	2	A.T. Stair Jr.	Chief Executive Officer, Director	2022-05-13
0001670254-22-000577	3	Sebastian Sajoux	CEO	2022-05-13
0001670254-22-000577	2	Juan Francisco Baez	Board member	2022-05-13
0001670254-22-000577	1	Christopher Graff	Director	2022-05-13
0001665160-22-001656	4	Siao Ling Kok	Principal Financial Officer and Principal Accounting Officer	2022-05-13
0001665160-22-001656	3	Michael Hendrickson	Board of Directors	2022-05-13
0001665160-22-001656	2	Vincent E Bryan Jr.	Board of Directors	2022-05-13
0001665160-22-001656	1	Vincent Bryan III	CEO, Principal Executive Officer and Director, Principal Financial Officer and Principal Accounting Officer	2022-05-13
0001670254-22-000574	3	Patrick Casey	Director of Finance & Project Management	2022-05-13
0001670254-22-000574	2	Sebastian Sajoux	CEO	2022-05-13
0001670254-22-000574	1	Juan Francisco Baez	Board member	2022-05-13
0001866645-22-000003	1	Juan Giraldo	CEO & Director	2022-04-30
0001722969-22-000004	3	Annie Pratt	President and Director of Board	2022-05-13
0001722969-22-000004	2	Mark Hanchett	Chief Executive Officer and Chairman of the Board	2022-05-13
0001722969-22-000004	1	Apoorv Dwivedi	Chief Financial Officer	2022-05-13
0001670254-22-000578	5	Patrick Casey	Director of Finance & Project Management	2022-05-13
0001670254-22-000578	4	Sebastian Sajoux	CEO	2022-05-13
0001670254-22-000578	3	Juan Francisco Baez	Board member	2022-05-13
0001670254-22-000578	1	Michael Libes	Director	2022-05-13
0001670254-22-000578	2	Christopher Graff	Director	2022-05-13
0001746059-22-000195	1	Daniel Blethen	Owner and CEO	2022-05-13
0001746059-22-000194	1	Jeffrey Marquis	Owner and President	2022-05-13
0001746059-22-000193	1	Sharon Russell	Owner and CoFounder	2022-05-13
0001746059-22-000192	1	Stacey Waldspurger	Owner and Founder	2022-05-13
0001517990-22-000003	1	Troy Davis	President	2022-05-13
0001669191-22-000571	5	Maya Bovshow	Board Member	2022-05-13
0001669191-22-000571	2	Maya Bovshow	Principal Financial Officer	2022-05-13
0001669191-22-000571	4	Chris Wartko	Board Member	2022-05-13
0001669191-22-000571	3	Chris Wartko	Principal Accounting Officer	2022-05-13
0001669191-22-000571	1	Chris Wartko	Principal Executive Officer	2022-05-13
0001669191-22-000570	6	Roderick McLean	Board Member	2022-05-13
0001669191-22-000570	5	David Sterling	Board Member	2022-05-13
0001669191-22-000570	4	James Mulford	Board Member	2022-05-13
0001669191-22-000570	3	James Mulford	Principal Accounting Officer	2022-05-13
0001669191-22-000570	2	James Mulford	Principal Financial Officer	2022-05-13
0001669191-22-000570	1	James Mulford	Principal Executive Officer	2022-05-13
0001805056-22-000005	1	Ian Eyberg	CEO & Director	2022-05-13
0001805056-22-000005	2	Ian Eyberg	CEO & Director	2022-05-13
0001665160-22-001653	1	Andrew Roiniotis	Vice President, Treasurer, Director, and Principal Accounting Officer	2022-05-13
0001665160-22-001653	2	Dionisios Trakas	Secretary, Director	2022-05-13
0001665160-22-001652	2	James Castle	CFO, Principal Financial Officer	2022-05-13
0001665160-22-001652	1	Jason Deese	CEO, Principal Executive Officer and Director	2022-05-13
0001917891-22-000006	1	Danielle Tubbs	President	2022-05-13
0001917891-22-000005	1	Leslie Noble	President	2022-05-13
0001917891-22-000004	1	Eugene Dupas Jr.	Co-Owner	2022-05-13
0001917891-22-000003	1	Morey Highbarger	President	2022-05-13
0001917891-22-000002	1	Edward Lai	President	2022-05-13
0001914960-22-000002	1	Michael W. Wellet, Jr.	Chief Executive Officer	2022-05-13
0001926429-22-000003	1	Ralph Rapa	President	2022-05-13
0001926429-22-000002	1	Ralph Rapa	President	2022-05-13
0001926429-22-000001	1	Dawn Carryl	President	2022-05-13
0001928052-22-000001	1	Amy Johnson	President	2022-05-13
0001911560-22-000007	1	Bryan Price	Managing Member	2022-05-13
0001665160-22-001649	1	Tim Krueger	CEO, Principal Executive Officer and Director, Principal Financial Officer and Principal Accounting Officer	2022-05-12
0001665160-22-001650	1	Frederick Akpoghene	CEO, Principal Executive Officer and Director, Principal Financial Officer and Principal Accounting Officer	2022-05-12
0001665160-22-001651	1	William Patridge	CEO, Principal Executive Officer and Director, Principal Financial Officer and Principal Accounting Officer	2022-05-12
0001670254-22-000572	1	Tyler Tringas	General Partner	2022-05-09
0001836525-22-000002	1	Joseph Paul Litzinger	Manager	2022-05-10
0001836525-22-000003	1	Joseph Paul Litzinger	Manager	2022-05-10
0001683168-22-003529	1	/s/ Zhisong Cao	CEO	2022-05-12
0001670254-22-000572	2	Matt Goldstein	Head of Finance	2022-05-10
0001670254-22-000569	1	Mady Mantha	Co-founder and Chief Revenue Officer	2022-05-05
0001670254-22-000569	2	Samantha Gardner	CEO and co-founder at Happypillar	2022-05-05
0001665160-22-001648	1	Tamar Lucien Blue	CEO, Principal Executive Officer and Director, Principal Financial Officer and Principal Accounting Officer	2022-05-12
0001746059-22-000191	1	David Son	Owner and CoFounder	2022-05-12
0001017386-22-000234	2	/s/ Lizhong Lu	Director	2022-05-12
0001017386-22-000234	1	/s/ Xizhen Ye	CEO/CFO/Director	2022-05-12
0001670254-22-000567	1	andrew singer	Mr	2022-05-11
0001670254-22-000567	3	Mark Collins	Co-CEO	2022-05-10
0001670254-22-000567	2	Thomas A Buday	CO CEO	2022-05-10
0001746059-22-000190	1	Alicia Micozzi	Owner and Founder	2022-05-12
0001665160-22-001647	1	Lucas Schiff	CEO, Principal Executive Officer and Director, Principal Financial Officer, Principal Accounting Officer	2022-05-12
0001665160-22-001646	1	John Tangredi	CEO, Principal Executive Officer, Director, Principal Financial Officer, and Principal Accounting Officer	2022-05-12
0001913453-22-000004	1	Daniel Pitluk	CEO	2022-05-12
0001927762-22-000003	1	Derrick Butler	Foudner and CEO	2022-05-12
0001898056-22-000001	2	Sara Berks	CEO	2022-05-12
0001898056-22-000001	1	Sara Berks	Manager/ Director	2022-05-12
0001665160-22-001645	1	Eric Robichaud	CEO	2022-05-11
0001517990-22-000001	1	Troy Davis	President	2022-05-12
0001746397-22-000003	1	John H Gallagher Jr	Managing Director	2022-05-12
0001665160-22-001643	3	Michael Sununu	Director	2022-05-12
0001665160-22-001643	2	John Keane	Director	2022-05-12
0001665160-22-001643	1	Eric Fitch	CEO, President, Treasurer, Secretary, and Director	2022-05-12
0001924883-22-000002	2	Eyal Goldenberg	Manager	2022-05-12
0001924883-22-000002	1	Uri Goldenberg	Manager	2022-05-12
0001665160-22-001641	1	Pharns Genece	CEO, President and Founder	2022-05-12
0001665160-22-001641	2	Jeff Cummings	CFO and Director	2022-05-12
0001923441-22-000002	1	Tim Cooney	President and CEO	2022-05-12
0001926659-22-000001	1	Kadin Loehr	President	2022-05-12
0001665160-22-001639	5	Charles A. Schliebs	Member, Board of Directors	2022-05-12
0001665160-22-001639	1	Ali Radfar	CEO, CSO, and Director	2022-05-12
0001665160-22-001639	2	Tina S. Alster, MD	Board of Directors	2022-05-12
0001665160-22-001639	3	Andrew Terry Rosenbaum	CFO, COO, and Director	2022-05-12
0001665160-22-001639	4	Jerry Jasinowski	Board of Directors	2022-05-12
0001669191-22-000567	4	Lisa Newmann	Board Member	2022-05-12
0001669191-22-000567	3	Lisa Newmann	Principal Accounting Officer	2022-05-12
0001669191-22-000567	2	Lisa Newmann	Principal Financial Officer	2022-05-12
0001669191-22-000567	1	Lisa Newmann	Principal Executive Officer	2022-05-12
0001669191-22-000564	2	Joseph (Marc) McConnaughey	Principal Financial Officer	2022-05-12
0001669191-22-000564	1	Joseph (Marc) McConnaughey	Principal Executive Officer	2022-05-12
0001669191-22-000564	6	Joseph (Marc) McConnaughey	Board Member	2022-05-12
0001669191-22-000564	3	Joseph (Marc) McConnaughey	Principal Accounting Officer	2022-05-12
0001669191-22-000564	5	Zuoyu (Jerry) Shi	Board Member	2022-05-12
0001669191-22-000564	4	Warren  Lynn	Board Member	2022-05-12
0001670254-22-000564	1	Cynthia Wood	Co-founder & COO	2022-05-05
0001670254-22-000564	2	Matthew Offers	Co-Founder & VP of Product	2022-05-05
0001670254-22-000564	3	Scott Miller	Board Member	2022-05-05
0001670254-22-000564	4	Curtis Wood	Co-founder & CEO	2022-05-05
0001783580-22-000005	3	Mario Lazaro	Director	2022-05-11
0001783580-22-000005	2	Guillaume Torche	Director	2022-05-11
0001783580-22-000005	1	Alex Wang	Director	2022-05-11
0001670254-22-000566	1	Scott Miller	Board Director	2022-05-11
0001670254-22-000566	2	Matthew Offers	Co-founder & CTO	2022-05-11
0001670254-22-000566	3	Curtis Wood	Co-founder & CEO	2022-05-11
0001017386-22-000229	2	/s/ Lizhong Lu	Director	2022-05-11
0001017386-22-000229	1	/s/ Xizhen Ye	Director	2022-05-11
0001644600-22-000082	1	Ilya Schiller	Ilya Schiller, Director	2022-05-11
0001644600-22-000082	2	A.T. Stair Jr.	Chief Executive Officer, Director	2022-05-11
0001665160-22-001637	1	James Bradley Sund, Sr.	CEO, Principal Executive Officer and Director, Principal Financial Officer and Principal Accounting Officer	2022-05-11
0001665160-22-001636	1	Karla Butvidas	CEO, Board Member	2022-05-11
0001665160-22-001636	2	Bryan Butvidas	COO, Board Member, Principal Accounting Officer	2022-05-11
0001897619-22-000001	2	Vic Boddie	Director	2022-05-11
0001897619-22-000001	1	Lyonel Douge	Director	2022-05-11
0001669191-22-000561	4	Betsy  Kruger	Board Member	2022-05-11
0001669191-22-000561	3	Aman Stuppard	Principal Accounting Officer	2022-05-11
0001669191-22-000561	2	Aman Stuppard	Principal Financial Officer	2022-05-11
0001669191-22-000561	5	Andy  Stuppard	Board Member	2022-05-11
0001669191-22-000561	1	Aman Stuppard	Principal Executive Officer	2022-05-11
0001669191-22-000560	5	Tyler Prescott	Board Member	2022-05-11
0001669191-22-000560	4	James Hopkins	Board Member	2022-05-11
0001669191-22-000560	3	Tyler Prescott	Principal Accounting Officer	2022-05-11
0001669191-22-000560	2	Tyler Prescott	Principal Financial Officer	2022-05-11
0001669191-22-000560	1	Tyler Prescott	Principal Executive Officer	2022-05-11
0001669191-22-000559	5	NATASHA SEAY	Board Member	2022-05-11
0001669191-22-000559	1	DWAYNE SAMUELS	Principal Executive Officer	2022-05-11
0001669191-22-000559	3	NATASHA SEAY	Principal Accounting Officer	2022-05-11
0001669191-22-000559	4	DWAYNE SAMUELS	Board Member	2022-05-11
0001669191-22-000559	2	DWAYNE SAMUELS	Principal Financial Officer	2022-05-11
0001669191-22-000558	1	David Norris	Principal Executive Officer	2022-05-11
0001669191-22-000558	2	David Norris	Principal Financial Officer	2022-05-11
0001669191-22-000558	5	David Norris	Board Member	2022-05-11
0001669191-22-000558	4	Jeff Chambers	Board Member	2022-05-11
0001669191-22-000558	3	David Norris	Principal Accounting Officer	2022-05-11
0001669191-22-000557	2	Andrew Simonds	Principal Financial Officer	2022-05-11
0001669191-22-000557	3	Andrew Simonds	Principal Accounting Officer	2022-05-11
0001669191-22-000557	1	Edward Cowle	Principal Executive Officer	2022-05-11
0001669191-22-000557	5	Edward Cowle	Board Member	2022-05-11
0001669191-22-000557	4	Jon Packer	Board Member	2022-05-11
0001669191-22-000557	6	Daniel Richard	Board Member	2022-05-11
0001669191-22-000556	4	Jennifer Esposito	Board Member	2022-05-11
0001669191-22-000556	2	Alexis Varouxakis	Principal Financial Officer	2022-05-11
0001669191-22-000556	3	Christine Crokos	Principal Accounting Officer	2022-05-11
0001669191-22-000556	1	Jennifer Esposito	Principal Executive Officer	2022-05-11
0001669191-22-000556	5	Christine Crokos	Board Member	2022-05-11
0001669191-22-000556	6	Alexis Varouxakis	Board Member	2022-05-11
0001669191-22-000555	1	Akash  Bellippady	Principal Executive Officer	2022-05-11
0001669191-22-000555	4	Akash  Bellippady	Board Member	2022-05-11
0001669191-22-000555	3	Akash  Bellippady	Principal Accounting Officer	2022-05-11
0001669191-22-000555	2	Akash  Bellippady	Principal Financial Officer	2022-05-11
0001669191-22-000554	5	Marshall Kaplan Ph.D.	Board Member	2022-05-11
0001669191-22-000554	4	John Bauman	Board Member	2022-05-11
0001669191-22-000554	3	John Bauman	Principal Accounting Officer	2022-05-11
0001669191-22-000554	1	John Bauman	Principal Executive Officer	2022-05-11
0001669191-22-000554	2	John Bauman	Principal Financial Officer	2022-05-11
0001669191-22-000553	3	Neil Littman	Principal Accounting Officer	2022-05-11
0001669191-22-000553	2	Neil Littman	Principal Financial Officer	2022-05-11
0001669191-22-000553	1	Neil Littman	Principal Executive Officer	2022-05-11
0001669191-22-000553	4	Neil Littman	Board Member	2022-05-11
0001669191-22-000552	2	Eric Weaver	Principal Financial Officer	2022-05-11
0001669191-22-000552	5	Mark Kammerer	Board Member	2022-05-11
0001669191-22-000552	4	Eric Weaver	Board Member	2022-05-11
0001669191-22-000552	3	Eric Weaver	Principal Accounting Officer	2022-05-11
0001669191-22-000552	1	Eric Weaver	Principal Executive Officer	2022-05-11
0001746059-22-000189	1	John Allen	CEO	2022-05-11
0001669191-22-000551	4	Jimmy Ezzell	Board Member	2022-05-11
0001669191-22-000551	3	Christopher  Floyd	Principal Accounting Officer	2022-05-11
0001669191-22-000551	2	Christopher  Floyd	Principal Financial Officer	2022-05-11
0001669191-22-000551	1	Jimmy Ezzell	Principal Executive Officer	2022-05-11
0001669191-22-000550	1	Hilary Joy  Diaz	Principal Executive Officer	2022-05-11
0001669191-22-000550	2	Hilary Joy  Diaz	Principal Financial Officer	2022-05-11
0001669191-22-000550	3	Hilary Joy  Diaz	Principal Accounting Officer	2022-05-11
0001669191-22-000550	4	Hilary Joy  Diaz	Board Member	2022-05-11
0001669191-22-000550	5	Judy  Deuchar	Board Member	2022-05-11
0001669191-22-000550	6	Daniel Diaz	Board Member	2022-05-11
0001669191-22-000548	6	Joshua  Leavitt	Board Member	2022-05-11
0001669191-22-000548	1	Pierre  Rogers	Principal Executive Officer	2022-05-11
0001669191-22-000548	2	Joshua  Leavitt	Principal Financial Officer	2022-05-11
0001669191-22-000548	3	Joshua  Leavitt	Principal Accounting Officer	2022-05-11
0001669191-22-000548	4	Jonathan Cooper	Board Member	2022-05-11
0001669191-22-000548	5	Pierre  Rogers	Board Member	2022-05-11
0001669191-22-000547	6	Nailah   Malak	Board Member	2022-05-11
0001669191-22-000547	5	Anthony Farrar	Board Member	2022-05-11
0001669191-22-000547	2	Anthony Farrar	Principal Financial Officer	2022-05-11
0001669191-22-000547	3	Anthony Farrar	Principal Accounting Officer	2022-05-11
0001669191-22-000547	4	Charon Collier	Board Member	2022-05-11
0001669191-22-000547	1	Nailah   Malak	Principal Executive Officer	2022-05-11
0001669191-22-000546	4	Kyle Haley	Board Member	2022-05-11
0001669191-22-000546	3	Tim Tight	Principal Accounting Officer	2022-05-11
0001669191-22-000546	2	Tim Tight	Principal Financial Officer	2022-05-11
0001669191-22-000546	1	Andrew   Tight	Principal Executive Officer	2022-05-11
0001669191-22-000546	5	Tim Tight	Board Member	2022-05-11
0001669191-22-000546	6	Andrew   Tight	Board Member	2022-05-11
0001669191-22-000544	4	Monica Brady	Board Member	2022-05-11
0001669191-22-000544	3	Evelyn Watters	Principal Accounting Officer	2022-05-11
0001669191-22-000544	2	Monica Brady	Principal Financial Officer	2022-05-11
0001669191-22-000544	1	Evelyn Watters	Principal Executive Officer	2022-05-11
0001669191-22-000544	5	Evelyn Watters	Board Member	2022-05-11
0001669191-22-000543	1	Alan Rodriguez	Principal Executive Officer	2022-05-11
0001669191-22-000543	2	Alan Rodriguez	Principal Financial Officer	2022-05-11
0001669191-22-000543	3	Alan Rodriguez	Principal Accounting Officer	2022-05-11
0001669191-22-000543	4	Alan Rodriguez	Board Member	2022-05-11
0001927762-22-000001	1	Jordan Crudo	Founder and CEO	2022-05-11
0001746059-22-000188	1	Edward Edmunds	Owner and Founder	2022-05-11
0001895725-22-000001	1	Andrija Cvijovic	Manager	2022-05-11
0001895725-22-000001	2	George O'Leary	Manager	2022-05-11
0001665160-22-001632	1	Balakrishnan Nair	CEO, Principal Executive Officer and Director, Principal Financial Officer and Principal Accounting Officer	2022-05-11
0001844955-22-000003	1	Tyler Bushnell	CEO	2022-05-11
0001665160-22-001630	2	Gary Starr	Director	2022-05-11
0001665160-22-001630	1	Patrick Sherwin	CEO, Principal Executive Officer and Director, Principal Financial Officer and Principal Accounting Officer	2022-05-11
0001670254-22-000562	2	Raymond Lei	Cofounder + CEO	2022-05-09
0001670254-22-000562	1	Michael Xia	Cofounder + CTO	2022-05-10
0001920741-22-000002	1	/s/ Rajkumar Sahu	Chief Executive Officer	2022-05-11
0001821982-22-000003	1	Kyle Sims	Manager	2022-05-11
0001902271-22-000001	1	Nadim Kobeissi	Director	2022-05-11
0001902271-22-000001	2	Marco Barulli	Director	2022-05-11
0001902033-22-000007	2	Dr. Daniel Kim	Chief Medical Officer	2022-05-10
0001902033-22-000007	1	David Colina	Founder & CEO	2022-05-10
0001902033-22-000007	4	Stephanie Fortener	Board of Directors Member	2022-05-10
0001902033-22-000007	5	Dan Crane	Board of Directors Member	2022-05-10
0001902033-22-000007	6	Scott Kiefer	Board of Directors Member	2022-05-10
0001902033-22-000007	7	Jeffrey Rosenblum	Board of Directors Member	2022-05-10
0001902033-22-000007	8	David Langerud	CFO and COO	2022-05-10
0001665160-22-001628	1	Mark Walker	CEO, Principal Executive Officer, Director, Principal Financial Officer, and Principal Accounting Officer	2022-05-10
0001665160-22-001627	1	John Fanning Jr.	CEO, Principal Executive Officer and Director, Principal Financial Officer and Principal Accounting Officer	2022-05-10
0001665160-22-001626	1	Alex Brent	CEO, President, Chair of the Board of Directors, Chief Financial Officer, Secretary	2022-05-10
0001665160-22-001626	2	James Agate	Chief Operations Officer, Director	2022-05-10
0001670254-22-000557	1	PATRICK MOYAL	CFO	2022-05-04
0001670254-22-000557	2	Seth Schlessel	Attorney	2022-05-04
0001670254-22-000557	3	Lucie Slavikova	Secretary	2022-05-04
0001670254-22-000557	4	Alexander Michaels	Founder	2022-05-04
0001665160-22-001624	1	Ryan Bove	CEO, Principal Financial Officer, and Manager	2022-05-10
0001665160-22-001624	2	Doug Foster	Manager	2022-05-10
0001665160-22-001624	3	Brian Scott	Director	2022-05-10
0001665160-22-001624	4	Ted Hobart Personal	Director	2022-05-10
0001665160-22-001625	1	John D.H. King	CEO, Principal Executive Officer and Director, Principal Financial Officer, Principal Accounting Officer	2022-05-10
0001670254-22-000561	1	Brian A. Carroll	Co-founder	2022-05-04
0001670254-22-000561	2	Elliott Goodman	Co-founder	2022-05-04
0001860502-22-000001	1	Adrien Chatillon	Director	2022-05-10
0001670254-22-000559	1	Gary Wedding	Board Director	2022-05-09
0001670254-22-000559	2	Todd Fein	Board Director	2022-05-06
0001670254-22-000559	3	Terry Rodrigue	COO	2022-05-06
0001670254-22-000559	4	Deborah Cullen	CFO	2022-05-06
0001670254-22-000559	5	Catherine Key	Chief Business Development Officer	2022-05-06
0001670254-22-000559	6	Wendy S Burton	Founder & Co-Chairman	2022-05-06
0001670254-22-000559	7	Doug Willmore	Chief Executive Officer	2022-05-06
0001860436-22-000001	1	Joshua Pigford	Director	2022-05-06
0001860436-22-000001	2	Travis Woods	Director	2022-05-06
0001902033-22-000007	3	Katrina Hahn	Board of Directors Member	2022-05-10
0001791565-22-000004	2	Lotta Lautsuo	Head of Product and Director	2022-05-10
0001791565-22-000004	3	Stuart Stoller	Director	2022-05-10
0001791565-22-000004	1	Chad Hickey	CEO and Director	2022-05-10
0001916146-22-000001	2	/s/ Tyler Nielsen	COO & CO-FOUNDER	2022-05-10
0001916146-22-000001	1	/s/ Ryan Tillotson	CEO & CO-FOUNDER	2022-05-10
0001665160-22-001622	2	Andres Diego Langesfeld	Director	2022-05-10
0001665160-22-001622	1	Steve E. Tice	CEO, Director, Treasurer	2022-05-10
0001815564-22-000002	1	Mark Holland	CEO	2022-05-10
0001782185-22-000003	1	Nick Nanakos	CEO, Founder	2022-05-10
0001665160-22-001620	1	Joanne Rodriguez	President	2022-05-10
0001782185-22-000002	1	Ben Moe	Founder, CEO	2022-05-10
0001750795-22-000004	1	Dr. Trevor P. Castor	President & CEO	2022-05-10
0001665160-22-001611	1	David Spock	Director	2022-05-10
0001665160-22-001611	2	Eamon McDonalds	CEO, Treasurer, CFO, Secretary, and Director	2022-05-10
0001665160-22-001609	1	Elisa Lewis	President and Co-Founder, CEO and Head of Brand	2022-05-10
0001665160-22-001609	2	Jose Camilo Velasquez	Founder, Head of Brand and Director	2022-05-10
0001665160-22-001607	4	Francis G. Johnson	Director	2022-05-10
0001665160-22-001607	1	A. Dale Mayo	Chairman of the Board, Interim CEO, and CFO	2022-05-10
0001665160-22-001607	3	Jim Van Law	Chief Revenue Officer and President, Director	2022-05-10
0001665160-22-001607	2	Warren Colodner	Director, EVP and General Counsel	2022-05-10
0001665160-22-001605	2	Steven Sablotsky	Director	2022-05-10
0001665160-22-001605	1	Mitchell Goldberg	President, Secretary, Treasurer, Principal Financial Officer and Director	2022-05-10
0001916152-22-000003	3	Zach Epperson	Officer	2022-05-10
0001916152-22-000003	2	Sarwaan Ansari	Director/Officer	2022-05-10
0001916152-22-000003	1	Christian Ancheta	Director/Officer	2022-05-10
0001665160-22-001600	3	Andrei Calugaru	Board director, Co-Founder	2022-05-09
0001665160-22-001600	2	Maxim Calugaru	Board director, Co-Founder	2022-05-09
0001665160-22-001600	1	Vladimir Colosov	CEO, President, Secretary, Treasurer, Board Director, Principal financial officer, Co-Founder	2022-05-09
0001619078-22-000001	5	Pete Jensen	Director	2022-04-29
0001619078-22-000001	4	George DeCarlo	Director	2022-04-29
0001619078-22-000001	3	Monika Saha	Director	2022-04-29
0001619078-22-000001	2	John Allison	Director	2022-04-29
0001619078-22-000001	1	Colin Nederkoorn	CEO & Director	2022-04-29
0001619078-22-000003	3	Monika Saha	Director	2022-04-29
0001619078-22-000003	2	John Allison	Director	2022-04-29
0001619078-22-000003	1	Colin Nederkoorn	CEO & Director	2022-04-29
0001665160-22-001602	1	Scott Brusaw	President & CEO	2022-05-09
0001926767-22-000002	2	Yash Khandelwal	Director	2022-05-09
0001926767-22-000002	1	Kyle Al-Rawi	Director	2022-05-09
0001017386-22-000214	1	/s/ Xizhen Ye	Chairman & CEO	2022-05-09
0001665160-22-001600	4	Valeriu Gutu	Board director, Co-Founder	2022-05-09
0001619078-22-000003	4	George DeCarlo	Director	2022-04-29
0001619078-22-000003	5	Pete Jensen	Director	2022-04-29
0001926265-22-000001	1	LaTasha Kaiser	President	2022-05-09
0000897069-22-000287	3	/s/ Jeremy Bauman	Director	2022-05-09
0000897069-22-000287	2	/s/ Trung Tran	Director	2022-05-09
0000897069-22-000287	1	/s/ Trung Tran	Chief Executive Officer	2022-05-09
0001746059-22-000187	1	Daniel Rubenstein	Owner and Founder	2022-05-09
0001893569-22-000004	2	Aleksey Klempner	Co-Founder	2022-05-09
0001893569-22-000004	3	Omri Casspi	Co-Founder	2022-05-09
0001893569-22-000004	4	Luke Stanton	CEO	2022-05-09
0001893569-22-000004	1	Roie Edery	Co-Founder	2022-05-09
0001644600-22-000081	4	Neil Goulden	Chief Administrative Officer, Treasurer, Secretary, and Director	2022-05-09
0001644600-22-000081	3	Paul Powers	Chief Business Development Officer and Director	2022-05-09
0001644600-22-000081	1	Christopher Headrick	Founder, Executive Chairman, and Chief Technology Officer	2022-05-09
0001644600-22-000081	2	James McGinley	Chief Executive Officer,President, and Director	2022-05-09
0001746059-22-000186	1	Edward Edmunds	Owner and Founder	2022-05-09
0001096906-22-001062	2	/s/ Charles Tralka	Interim Chief Finance Officer	2022-04-27
0001096906-22-001062	1	/s/ Matthew Sullivan	Chief Executive Officer	2022-04-27
0001669191-22-000518	2	Joe Hassell	Principal Financial Officer	2022-05-09
0001669191-22-000518	5	Joe Hassell	Board Member	2022-05-09
0001669191-22-000518	4	Adelinda  Bryant	Board Member	2022-05-09
0001669191-22-000518	3	Joe Hassell	Principal Accounting Officer	2022-05-09
0001669191-22-000518	1	Adelinda  Bryant	Principal Executive Officer	2022-05-09
0001781955-22-000009	1	Ben White	Founder and CEO	2022-05-09
0001852227-22-000004	2	Jay Berglind	Director	2022-05-09
0001852227-22-000004	3	Dirk Lansbergen	Director	2022-05-09
0001852227-22-000004	1	Melanie Kahn	Director	2022-05-09
0001902033-22-000006	5	Dan Crane	Board of Directors' Member	2022-05-09
0001902033-22-000006	6	James Lyski	Board of Directors' Member	2022-05-09
0001902033-22-000006	7	Jeffrey Rosenblum	Board of Directors' Member	2022-05-09
0001902033-22-000006	1	David Colina	Founder & CEO	2022-05-09
0001902033-22-000006	2	Dr. Daniel Kim	Chief Medical Officer	2022-05-09
0001902033-22-000006	3	Katrina Hahn	Board of Directors' Member	2022-05-09
0001902033-22-000006	4	Stephanie Fortener	Board of Directors' Member	2022-05-09
0001827897-22-000003	1	Daniel Dus	Managing Partner of Shared Estates Asset Fund, GP, Manager Shared Estates Fund 1, LLC	2022-05-09
0001828172-22-000001	1	Trina Felber	Member Manager	2022-05-09
0001827897-22-000002	1	Daniel Dus	Managing Partner of Shared Estates Asset Fund, GP, Manager Shared Estates Fund 1, LLC	2022-05-09
0001669191-22-000516	1	Shannon Carmody Keyes	Principal Executive Officer	2022-05-09
0001669191-22-000516	2	Shannon Carmody Keyes	Principal Financial Officer	2022-05-09
0001669191-22-000516	3	Shannon Carmody Keyes	Principal Accounting Officer	2022-05-09
0001669191-22-000516	4	Shannon Carmody Keyes	Board Member	2022-05-09
0001665160-22-001597	1	Paul D. Bojic	President	2022-05-09
0001665160-22-001596	1	Zachary Sarf	Founder	2022-05-09
0001665160-22-001595	1	Mark Russo	CEO, Principal Executive Officer and Director, Principal Financial Officer and Principal Accounting Officer	2022-05-09
0001830012-22-000001	2	David Collmann	Founder, CFO	2022-04-27
0001830012-22-000001	1	David Tran	Founder, CEO	2022-04-27
0001665160-22-001594	1	Michael Mansouri	CEO, Principal Executive Officer and Director, Principal Financial Officer and Principal Accounting Officer	2022-05-09
0001665160-22-001593	1	Dan Soviero	CEO, Principal Executive Officer and Director, Principal Financial Officer and Principal Accounting Officer	2022-05-09
0001665160-22-001592	1	Nathaniel Noone	Founder, CEO and Director	2022-05-09
0001791609-22-000001	2	Kristopher Kehler	CTO	2022-05-09
0001791609-22-000001	1	Jeremy Morton	CEO	2022-05-09
0001670254-22-000549	3	Matt DeVico	Founder & CEO	2022-05-06
0001670254-22-000547	1	Frances Demuth	Chief Level Designer	2022-05-05
0001670254-22-000547	2	Sara E Rose	Chief Marketing Officer	2022-05-04
0001670254-22-000547	3	Colin Rose	CEO - Objective Reality	2022-05-04
0001670254-22-000552	1	Nada Chaban	Director	2022-05-02
0001670254-22-000549	2	John T. Itokazu	Director	2022-05-06
0001670254-22-000549	1	Joseph R. Robinson	Director	2022-05-06
0001670254-22-000553	5	Hakan Lindskog	Chief Operating Officer	2022-05-03
0001670254-22-000553	4	James Schmachtenberger	CEO	2022-05-03
0001670254-22-000553	3	Mark How	CRO	2022-05-03
0001670254-22-000553	2	Daniel Schmachtenberger	Chief Strategy Officer	2022-05-04
0001670254-22-000553	1	Shawn Ramer	Chief Science Officer	2022-05-04
0001670254-22-000546	3	Mounir A. Ajam	CEO & Chief Innovator	2022-05-05
0001670254-22-000546	2	Amr Maraie	Director	2022-05-05
0001670254-22-000546	1	Nada Chaban	Director	2022-05-06
0001670254-22-000555	1	Jacob Guerra	CEO & Founder	2022-05-05
0001670254-22-000552	3	Mounir A. Ajam	CEO & Chief Innovator	2022-05-02
0001670254-22-000552	2	Amr Maraie	Director	2022-05-02
0001747584-22-000019	1	Bryan Garcia	Duly Authorized	2022-05-06
0001670254-22-000551	1	Tom Bancroft	CEO	2022-05-04
0001670254-22-000544	3	Alex Valley	CEO + Founder	2022-04-29
0001670254-22-000544	2	Phene Wardlaw	CMO + Co-Founder	2022-04-30
0001670254-22-000544	1	Zachary Cosman	Co-Founder	2022-05-02
0001670254-22-000542	2	Robert A,. Costanzo	CFO	2022-05-05
0001670254-22-000542	1	Steve Errato	Vice President	2022-05-05
0001670254-22-000542	3	Robert Errato	Managing Partner CEO	2022-05-05
0001669191-22-000513	3	Mark  Newbauer	Principal Accounting Officer	2022-05-06
0001669191-22-000513	2	Mark  Newbauer	Principal Financial Officer	2022-05-06
0001669191-22-000513	1	Mark  Newbauer	Principal Executive Officer	2022-05-06
0001669191-22-000513	4	Mark  Newbauer	Board Member	2022-05-06
0001670254-22-000540	1	Sanjay Kumar	Promoter Director	2022-05-05
0001670254-22-000540	2	Eric Fung	Director	2022-05-05
0001670254-22-000540	3	Danish Sinha	CEO	2022-05-05
0001669191-22-000511	4	Patrick Cahill	Board Member	2022-05-06
0001669191-22-000511	5	Patrick Lincoln	Board Member	2022-05-06
0001669191-22-000511	3	Sophia Becker	Principal Accounting Officer	2022-05-06
0001669191-22-000511	2	Patrick Cahill	Principal Financial Officer	2022-05-06
0001669191-22-000511	1	Sophia Becker	Principal Executive Officer	2022-05-06
0001669191-22-000511	6	Sophia Becker	Board Member	2022-05-06
0001669191-22-000507	1	Mark Bradley	Principal Executive Officer	2022-05-06
0001669191-22-000507	5	Michael Berk	Board Member	2022-05-06
0001669191-22-000507	4	Mark Bradley	Board Member	2022-05-06
0001669191-22-000507	3	Mark Bradley	Principal Accounting Officer	2022-05-06
0001669191-22-000507	2	Michael Berk	Principal Financial Officer	2022-05-06
0001747584-22-000018	1	Cullen Kasunic	Manager, CFO	2022-05-06
0001766415-22-000010	1	Julianna Smoot	Director & Strategist	2022-05-06
0001766415-22-000010	2	Brian Spangle	Director & COO	2022-05-06
0001876413-22-000003	1	Duane A. Quamina	President & CEO	2022-05-06
0001836234-22-000002	1	William C Paske	CTO / Chairman	2022-05-06
0001096906-22-001050	1	/s/ Matthew Faircloth	Managing Member	2022-05-06
0001746059-22-000185	1	Ibraheem Abdul-Malik	Owner and Founder	2022-05-06
0001926086-22-000002	1	/s/ Lars Weimer	President	2022-05-04
0001852138-22-000006	1	Brendan Medeiros	Director	2022-05-06
0001852138-22-000006	2	Isidro Garcia Hernandez	Director	2022-05-06
0001665160-22-001590	1	JS	CEO	2022-05-06
0001665160-22-001588	1	Kimberly A. Hoffman	Sr. VP and Director	2022-05-06
0001665160-22-001588	2	Justin R. Dearborn	VP, National Sales	2022-05-06
0001835459-22-000002	3	Derek Pierson	Manager	2022-05-06
0001835459-22-000002	2	David Harvey	Manager	2022-05-06
0001835459-22-000002	1	Alan Moisio	CEO	2022-05-06
0001835459-22-000002	4	Nathaniel Brogadir	CBO	2022-05-06
0001746059-22-000184	1	Ashley Sheehan	Owner and Founder	2022-05-06
0001839110-22-000002	1	Uday Kiran Chaka	CEO	2022-05-06
0001746059-22-000183	1	Emmitt Bronkema	Owner and CoFounder	2022-05-06
0001746059-22-000182	1	Jordan Anthony Garcia	Managing Member	2022-05-06
0001746059-22-000181	1	Jeffrey Bugay	Owner and Founder	2022-05-06
0001821328-22-000003	1	Michael Benatar	CEO	2022-05-06
0001821328-22-000003	2	Erin Mastopietro	Director	2022-05-06
0001644600-22-000079	3	Gary Chingren	Director	2022-05-06
0001644600-22-000079	1	Michael Johnson	Chief Executive Officer, Principal Financial Officer, Principal Accounting Officer, Director	2022-05-06
0001644600-22-000079	4	Ron Brown	Director	2022-05-06
0001644600-22-000079	5	Mike Ellis	Director	2022-05-06
0001644600-22-000079	6	Steve Blakesley	Director	2022-05-06
0001644600-22-000079	7	Moneni Johnson	Director	2022-05-06
0001644600-22-000079	2	Mikey Seigel	COO and DIrector	2022-05-06
0001739450-22-000007	1	Gabriel Wyner	CEO	2022-05-06
0001924883-22-000001	1	Uri Goldenberg	CEO/President	2022-05-06
0001924883-22-000001	2	Eyal Goldenberg	Manager	2022-05-06
0001845905-22-000001	1	Nancy Kalish	Chief Executive Officer	2022-05-05
0001670254-22-000538	3	Edward Mbeche	Founder and CEO	2022-05-04
0001670254-22-000538	2	Kennedy Ross	Chief Of Staff	2022-05-04
0001670254-22-000538	1	Chandrasekhar Gundlapalli	Co-Founder and Chief Systems Architect	2022-05-05
0001670254-22-000536	3	Tobi Smith	Founder	2022-05-03
0001670254-22-000536	2	Margaret Funmilayo	Lead, Ecommerce & Customer Experience	2022-05-03
0001670254-22-000536	1	Bethany Oyefeso	Co founder	2022-05-03
0001862115-22-000001	1	Jeremy Allam	Chief Executive Officer	2022-05-05
0001670254-22-000534	3	Michelle Nealy	Co-Founder	2022-05-04
0001670254-22-000534	1	Jeffrey Chance	Co-Founder	2022-05-04
0001670254-22-000534	2	Christopher Rogers	Co-Founder	2022-05-04
0001670254-22-000532	3	Andrei Tristan Evulet	CEO/CTO/Co-Founder	2022-05-03
0001670254-22-000532	2	Simina Farcasiu	CFO/Co-Founder	2022-05-03
0001670254-22-000532	1	Denis Dancanet	Chairman of the Board/Co-Founder	2022-05-04
0001669191-22-000502	4	Kevin Donahue	Board Director	2020-11-12
0001669191-22-000502	3	Jackey Lee	Board Director	2020-11-12
0001669191-22-000502	1	Zack Johnson	Board Director	2020-11-12
0001669191-22-000502	2	Jack McDaniel	Board Director	2020-11-12
0001665160-22-001586	1	Chris Smith	Chief Executive Officer (CEO) & Co-Founder	2022-05-05
0001864237-22-000001	1	Jason Johnson	Manager and President/CEO	2022-05-05
0001826438-22-000002	1	James Cole	Founder & CEO	2022-05-05
0001670254-22-000531	1	Larry Bieza	Founder	2022-04-29
0001670254-22-000529	1	Laura Clise	CEO	2022-05-04
0001096906-22-001037	1	/s/ Matthew Faircloth	Managing Member	2022-05-02
0001213900-22-024211	1	/s/ Ali El Idrissi	Chief Executive Officer	2022-05-05
0001785021-22-000002	1	Todd Bayer	Managing Member	2022-04-29
0001785021-22-000002	2	Stephen McKee	Managing Member	2022-04-29
0001791223-22-000002	1	Tim Matus	President	2022-05-05
0001824984-22-000003	1	Zachary House	CEO	2022-05-05
0001856715-22-000005	1	/s/ Robert J. Selfridge	President & CEO	2022-05-05
0001856715-22-000005	3	/s/ Tom Leonard	Director	2022-05-05
0001856715-22-000005	2	/s/ Jamie Holt	Chief Operating Officer	2022-05-05
0001644600-22-000078	1	Jeremy Allam	Chief Executive Officer, Principal Financial Officer, Principal Accounting Officer, Director	2022-05-05
0001903596-22-000260	1	/s/ Cedric Yengo	President and Chief Executive Officer	2022-05-05
0001665160-22-001584	1	Karla Butvidas	CEO, Board Member	2022-05-05
0001665160-22-001584	2	Bryan Butvidas	COO, Board Member, Principal Accounting Officer	2022-05-05
0001903596-22-000259	1	Frank I Igwealor	Chief Executive Officer	2022-05-05
0001746059-22-000180	1	Charmesha Cousins	Owner and CoFounder	2022-05-05
0001845758-22-000001	2	Anil Pereira	Director	2022-05-05
0001845758-22-000001	1	Ravindra Singh	Director	2022-05-05
0001827386-22-000001	3	/s/ Bryan Dunmire	Director	2022-05-05
0001827386-22-000001	1	/s/ Jason Sherman	Director, CEO	2022-05-05
0001827386-22-000001	2	/s/Felipe Heiderich	Director	2022-05-05
0001594240-22-000001	2	Martha Crandall	Manager	2022-05-05
0001594240-22-000001	1	Maria Boustead	Member Manager	2022-05-05
0001665160-22-001581	1	Pazhani Sundaram	CEO, Principal Executive Officer and Director, Principal Financial Officer and Principal Accounting Officer	2022-05-05
0001665160-22-001579	1	Pazhani Sundaram	CEO, Principal Executive Officer and Director, Principal Financial Officer and Principal Accounting Officer	2022-05-05
0001670254-22-000527	3	Taryn Segal	Director	2022-04-22
0001894944-22-000005	1	Danielle Goss	Governor	2022-05-04
0001873895-22-000003	1	Jack Benzaquen	Manager	2022-05-04
0001873895-22-000005	1	William Daniel	Manager	2022-04-30
0001873895-22-000005	2	Ian Frascati	Manager	2022-04-30
0001670254-22-000528	1	Matthew Goldstein	Head of Finance	2022-05-03
0001670254-22-000528	2	Tyler Tringas	General Partner and Founder	2022-03-22
0001873895-22-000004	1	Andrew Page	Director	2022-05-04
0001873895-22-000004	2	Anuj Patel	Director	2022-05-04
0001873895-22-000007	1	William Daniel	Manager	2022-04-30
0001873895-22-000007	2	Ian Frascati	Manager	2022-04-30
0001670254-22-000527	4	Matt Kreutz	Founder	2022-04-20
0001665160-22-001574	1	Cody Alfar	CEO, Principal Executive Officer and Director, Principal Financial Officer and Principal Accounting Officer	2022-05-04
0001665160-22-001576	1	Charles Butler	CEO/Director	2022-05-04
0001894944-22-000005	2	Nathaniel Goss	Governor	2022-05-04
0001665160-22-001577	1	Matthew Chasen	CEO, Principal Executive Officer, and Director	2022-05-04
0001654954-22-006005	1	/s/ Derral Eves	Manager of The Chosen Productions, LLC	2022-05-04
0001824158-22-000003	1	Jontae James	Director	2022-05-04
0001824158-22-000003	2	Daniel Fowkes	Director	2022-05-04
0001824158-22-000003	3	Kenneth Tallo	Director	2022-05-04
0001824158-22-000003	4	Paul Bush	Director	2022-05-04
0001802405-22-000002	1	Tiffany Kelly	CEO & Director	2022-04-29
0001665160-22-001573	1	Arthur Moye	CEO and Managing Member, Principal Financial Officer, and Principal Accounting Officer	2022-05-04
0000897069-22-000264	1	/s/ Trung Tran	Chief Executive Officer	2022-05-04
0000897069-22-000264	2	/s/ Trung Tran	Director	2022-05-04
0000897069-22-000264	3	/s/ Jeremy Bauman	Director	2022-05-04
0001665160-22-001575	1	Carl Tautenhahn	CEO, Principal Executive Officer and Director, Principal Financial Officer and Principal Accounting Officer	2022-05-04
0001670254-22-000527	1	Aner Ben-Ami	Director	2022-04-29
0001670254-22-000527	2	Gemma Holmes	Director of Finance	2022-04-25
0001769091-22-000003	1	/s/Tadayoshi Henry Yoshida	Director, Chief Executive Officer	2022-05-04
0001769091-22-000003	2	/s/Chris Palmisano	Director, Chief Revenue Officer, Chief Operating Officer	2022-05-04
0001665160-22-001571	1	Sudesh Kumar	Founder, CEO, President, Director, Chairman of the Board, Principal Financial Officer, and Principal Accounting Officer	2022-05-04
0001478263-22-000006	2	Brent Teal	Co-President	2022-05-04
0001478263-22-000006	1	Bryan Pate	Co-President	2022-05-04
0001769118-22-000002	1	James Chapman	CEO & Director	2022-04-30
0001769118-22-000001	1	James Chapman	CEO & Director	2022-04-30
0001665160-22-001569	1	Rahul Goyal	CEO, Principal Executive Officer and Director, Principal Financial Officer and Principal Accounting Officer	2022-05-04
0001900822-22-000012	1	Francisco Cornejo	Director and CEO	2022-04-30
0001900822-22-000012	2	Daniel Acton	Director and President	2022-04-30
0001670254-22-000521	2	Sergio Pachon Reyes	Cofounder	2022-04-29
0001670254-22-000521	3	Joseph Huang	Director	2022-04-29
0001670254-22-000521	4	Felipe Chvez Corts	Chief Executive Officer	2022-04-29
0001670254-22-000521	5	Felipe Chvez Corts	Chief Executive Officer	2022-04-29
0001670254-22-000521	6	Felipe Chvez Corts	Chief Executive Officer	2022-04-25
0001670254-22-000521	7	Felipe Chvez Corts	Chief Executive Officer	2022-04-25
0001670254-22-000521	1	Mauricio Diaz Cardona	Director	2022-04-29
0001851385-22-000003	1	Gustavo De Greiff	CEO	2022-05-04
0001902033-22-000005	7	Jeffrey Rosenblum	Board of Directors' Member	2022-05-04
0001902033-22-000005	6	James Lyski	Board of Directors' Member	2022-05-04
0001902033-22-000005	5	Dan Crane	Board of Directors' Member	2022-05-04
0001902033-22-000005	4	Stephanie Fortener	Board of Directors' Member	2022-05-04
0001902033-22-000005	3	Katrina Hahn	Board of Directors' Member	2022-05-04
0001902033-22-000005	2	Dr. Daniel Kim	Chief Medical Officer	2022-05-04
0001902033-22-000005	1	David Colina	Founder & CEO	2022-05-04
0001665160-22-001567	1	Jordan Erskine	Chief Executive Officer, Principal Executive Officer and Director, Principal Financial Officer and Principal Accounting Officer	2022-05-04
0001665160-22-001566	1	Kevin Fahrner	CEO, Principal Executive Officer and Director, Principal Financial Officer and Principal Accounting Officer	2022-05-04
0001739450-22-000005	1	Gabriel Wyner	CEO	2022-05-04
0001686991-22-000003	3	Edward Tait	Board Member	2022-05-02
0001686991-22-000003	2	Nihar Patel	CFO	2022-04-30
0001686991-22-000003	1	Andrew Ryan	CEO	2022-04-30
0001665160-22-001565	1	Denys Gurak	CEO, Principal Executive Officer and Director, Principal Financial Officer and Principal Accounting Officer	2022-05-04
0001665160-22-001564	1	Chris Smith	CEO, Principal Executive Officer and Director, Principal Financial Officer and Principal Accounting Officer	2022-05-04
0001924682-22-000001	1	Wesley Dills	President	2022-05-04
0001792508-22-000003	1	Vitaly Bahachuk	Director, President, Chief Executive Officer	2022-05-03
0001792508-22-000003	2	Aliaksandr Bazhanau	Director, Treasurer, Secretary, Chief Technology Officer	2022-05-03
0001665160-22-001562	1	Daniel White	Co-founder, CEO and Director	2022-05-04
0001665160-22-001562	2	Michael Nedell	Co-founder, COO and Director	2022-05-04
0001665160-22-001561	1	Doron Merdinger	President, CEO, Principal Executive Officer, Director, Principal Financial Officer and Principal Accounting Officer	2022-05-04
0001926872-22-000001	1	/s/ Jaime Fernandez	President	2022-05-04
0001794960-22-000005	1	Kimberly Carney	Director	2022-05-04
0001788935-22-000003	1	David Schacter	Founder and CEO	2022-05-04
0001683168-22-003143	1	/s/ Adam Colton	Principal Financial Officer, Principal Executive Officer, Chief Financial Officer, Chief Operating Officer	2022-05-02
0001665160-22-001559	1	Grayson M. Laird	CEO, Grady's Cold Brew, Inc.	2022-05-03
0001665160-22-001556	1	Andrew Ochoa	Chief Executive Officer	2022-05-03
0001836842-22-000001	1	Tiila Abbitt	Director	2022-04-30
0001884016-22-000002	1	Zebulon Parsons	CEO, Founder and President	2022-05-03
0001683168-22-003143	2	/s/ Lilia Nevarez	Principal Accounting Officer	2022-05-02
0001683168-22-003143	3	/s/ Kurt Hanson	Director	2022-05-02
0001683168-22-003143	4	/s/ Doug Hegebarth	Director	2022-05-02
0001683168-22-003143	5	/s/ Gregory Seare	Director	2022-05-02
0001903596-22-000246	1	/s/ Cedric Yengo	President and Chief Executive Officer	2022-04-29
0001836842-22-000003	1	Yishan Wong	Director	2022-04-30
0001670254-22-000519	2	Christopher Hale	CEO	2022-04-29
0001670254-22-000519	1	Christopher Eloff	Director	2022-05-03
0001716174-22-000002	1	Anand Pandharikar	CEO	2022-05-03
0001836842-22-000003	2	Max Altman	Director	2022-04-30
0001787611-22-000001	1	MICHAEL LYNN GABRIEL,	BOARD MEMBER	2022-05-03
0001787611-22-000001	2	MICHAEL LYNN GABRIEL	TREASURER	2022-05-03
0001796295-22-000002	1	NOELLE RANDALL	CEO	2022-05-03
0001903596-22-000241	1	Frank I Igwealor	Chief Executive Officer	2022-05-03
0001821982-22-000002	1	Zebulon Parsons	CEO	2022-05-03
0001719575-22-000001	1	Henry Finkelstein	CEO	2022-05-03
0001900822-22-000011	4	Charlene Jackson	Director	2022-05-03
0001900822-22-000011	1	Robin Wilson	Director	2022-05-03
0001900822-22-000011	3	James Offutt	Director	2022-05-03
0001900822-22-000011	2	Nora Ryan	Director	2022-05-03
0001900822-22-000010	2	Kenneth Russo	Director	2022-05-03
0001900822-22-000010	1	Aaron Simpson	Chief Executive Officer and Director	2022-05-03
0001900822-22-000009	2	Isidro Garcia Hernandez	Chief Technology Officer and Director	2022-05-03
0001900822-22-000009	1	Brendan Medeiros	Chief Executive Officer and Director	2022-05-03
0001900822-22-000008	1	Deshuna Spencer	Sole Director	2022-05-03
0001900822-22-000007	1	Nicholas Schroeder	Manager and Co-CEO	2022-05-03
0001900822-22-000006	2	Yo Sub Kwon	Manager	2022-05-03
0001900822-22-000006	3	Raymond Bailey	Manager	2022-05-03
0001900822-22-000006	1	Jaron Lukas	Manager	2022-05-03
0001900822-22-000005	1	Lee King	Director	2022-05-03
0001900822-22-000004	1	Juan Giraldo	CEO & Director	2022-05-03
0001669191-22-000500	5	Stefano Gulbalis	Board Member	2022-05-03
0001669191-22-000500	1	Luis  Rios	Principal Executive Officer	2022-05-03
0001669191-22-000500	7	Raul Documet	Board Member	2022-05-03
0001669191-22-000500	6	Renatto Garro	Board Member	2022-05-03
0001669191-22-000500	4	Luis  Rios	Board Member	2022-05-03
0001669191-22-000500	3	Luis  Rios	Principal Accounting Officer	2022-05-03
0001669191-22-000500	2	Efrain Rodriguez	Principal Financial Officer	2022-05-03
0001900822-22-000003	2	Daniel Acton	Director and President	2022-05-03
0001900822-22-000003	1	Francisco Cornejo	Director and CEO	2022-05-03
0001665160-22-001553	1	Christopher Thompson	Chief Executive Officer and Director	2022-05-03
0001638829-22-000004	1	Hamilton Biggar	President/COO	2022-05-03
0001788935-22-000002	1	David Schacter	CEO	2021-04-28
0001737679-22-000003	2	April Moss	Chief Customer Officer, Chief Operating Officer, and Director	2022-05-03
0001737679-22-000003	3	Maddy Rossobillo	Director	2022-05-03
0001737679-22-000003	1	Robert Salvador	Chief Executive Officer, Director	2022-05-03
0001737679-22-000002	1	Robert Salvador	Chief Executive Officer, Director	2022-05-03
0001737679-22-000002	2	April Moss	Chief Customer Officer, Chief Operating Officer, and Director	2022-05-03
0001737679-22-000002	3	Maddy Rossobillo	Director	2022-05-03
0001670254-22-000517	3	David R. Coho	Secretary and Treasurer	2022-04-25
0001670254-22-000517	2	Hazel Michele Cole	President	2022-04-25
0001670254-22-000517	1	Ross O. Youngs	Founder, Inventor, and Chairman	2022-04-25
0001736664-22-000003	1	Joseph Daniluk	CEO	2022-05-03
0001669191-22-000498	1	Anthony Lewis	Board Director	2021-06-21
0001669191-22-000498	2	Jordan Maness	Board Director	2021-06-21
0001665160-22-001551	1	Sener Korkusuz	CEO	2022-05-03
0001767272-22-000001	1	Michael Brown	Chief Executive Officer	2022-05-03
0001670254-22-000516	1	Sumanth Swaminathan, PhD	CoFounder & CEO	2022-04-20
0001873827-22-000001	1	Matthew Lazarewicz	President & Co-Founder	2022-05-02
0001873895-22-000002	1	Jack Benzaquen	Chief Executive Officer	2022-05-03
0001700943-22-000003	3	Patricia Duque	Director	2022-05-03
0001700943-22-000003	2	Alejandro Duque	Chief Operating Officer, Treasurer, Director	2022-05-03
0001700943-22-000003	1	Sebastian Duque	Director, Chief Executive Officer	2022-05-03
0001644600-22-000077	1	Daniel Santana	President and Manager, Principal Financial Officer, Principal Accounting Officer	2022-05-03
0001644600-22-000077	2	Chris Bossio	Manager	2022-05-03
0001923348-22-000004	4	John Raymond	Class M Member of MVManagement, LLC	2022-04-28
0001923348-22-000004	5	Richard Reeve	Class M Member of MVManagement, LLC	2022-04-28
0001923348-22-000004	1	Christopher Sanders	Manager of MV Management, LLC	2022-04-28
0001923348-22-000004	2	Daniel Asbury	Class M Member of MVManagement, LLC	2022-04-28
0001923348-22-000004	3	Timothy Willie	Class M Member of MVManagement, LLC	2022-04-28
0001665160-22-001549	1	Yuen Mao	CEO, Principal Executive Officer and Director, Principal Financial Officer and Principal Accounting Officer	2022-05-03
0001860056-22-000004	1	Brian D. Marshall	Chief of Operations	2022-05-03
0001665160-22-001548	1	Jacob Davis	President, CEO, Principal Executive Officer, Director, Principal Financial Officer and Principal Accounting Officer	2022-05-03
0001665160-22-001547	1	Daniel Lyons	CEO, Principal Executive Officer and Director, Principal Financial Officer and Principal Accounting Officer	2022-05-03
0001665160-22-001546	1	Miguel Ayala	CEO, Principal Executive Officer and Director, Principal Financial Officer and Principal Accounting Officer	2022-05-03
0001665160-22-001545	1	Kyle Chittock	President, CEO, Principal Executive Officer, Director, Principal Financial Officer and Principal Accounting Officer	2022-05-03
0001670254-22-000515	1	Arjun Rai	Founder + CEO	2022-05-02
0001722137-22-000003	2	Alejandro Duque	Chief Operating Officer, Treasurer, Director	2022-05-02
0001722137-22-000003	3	Patricia Duque	Director	2022-05-02
0001722137-22-000003	1	Sebastian Duque	Director, Chief Executive Officer	2022-05-02
0001665160-22-001544	2	Satheesh Kanchi	CTO	2022-05-03
0001665160-22-001544	3	Krishna Nadella	Board of Directors	2022-05-03
0001665160-22-001544	1	Praveen Akula	President, CEO, Principal Executive Officer, Director, Principal Financial Officer and Principal Accounting Officer	2022-05-03
0001690433-22-000003	1	Jeff Lewis	CEO	2022-05-03
0001665160-22-001543	1	Jeffrey Kaplan	President, CEO, Principal Executive Officer, Director, Principal Financial Officer and Principal Accounting Officer	2022-05-03
0001665160-22-001542	1	Isaac Hayes III	CEO, Principal Executive Officer and Director, Principal Financial Officer and Principal Accounting Officer	2022-05-03
0001665160-22-001541	1	Victor Bergonzoli	President, CEO, Principal Executive Officer, Director, Principal Financial Officer and Principal Accounting Officer	2022-05-03
0001851491-22-000007	2	Morgan McLachlan	Chief Product Officer	2022-05-02
0001851491-22-000007	1	Mark Lynn	Chief Executive Officer	2022-05-02
0001851491-22-000007	3	Gene Song	Chief Revenue Officer	2022-05-02
0001665160-22-001540	1	Lance King	President, CEO, Principal Executive Officer, Director, Principal Financial Officer and Principal Accounting Officer	2022-05-03
0001665160-22-001539	1	Matthew Fleck	CEO, Principal Executive Officer and Director, Principal Financial Officer and Principal Accounting Officer	2022-05-03
0001722137-22-000002	1	Ezra Goldman	Chief Executive Officer, President, and Director	2022-05-03
0001722137-22-000001	1	Ezra Goldman	Chief Executive Officer, President, and Director	2022-05-03
0001877339-22-000001	1	John Phan	VP Finance	2022-04-30
0001665160-22-001538	1	Austen Price	CEO, Principal Executive Officer and Director, Principal Financial Officer and Principal Accounting Officer	2022-05-03
0001811855-22-000001	1	Ashish Joshi	CEO	2022-05-01
0001691692-22-000002	1	Andrew Page	Chief Executive Officer	2022-05-02
0001862075-22-000001	1	Elvia Guadalupe Ruiz Avila	Chief Executive Officer	2022-05-02
0001670254-22-000510	1	James R. Sauer	Board Member	2022-04-10
0001670254-22-000510	2	Rajeev prasad	Board member	2022-04-08
0001670254-22-000510	3	Charles Wingate	CFO & Treasurer	2022-04-08
0001670254-22-000510	4	Cihan Fuat Atkin	Founder & CEO	2022-04-08
0001801610-22-000001	1	Ross Franklin	Director	2022-04-30
0001856027-22-000001	1	Michael Saloio	Director	2022-04-30
0001856027-22-000001	2	Stephanie Golik	Director	2022-04-30
0001665160-22-001537	1	KYLE BERNARD FLANAGAN	PRESIDENT & CEO	2022-05-02
0001877079-22-000003	1	Tracy L. Hazzard	Director	2022-04-30
0001877079-22-000003	2	Thomas B. Hazzard	Director	2022-04-30
0001877079-22-000003	3	Tracy L. Hazzard	President and CEO	2022-04-30
0001887640-22-000002	1	Christopher Lay	Co-Founder	2022-05-02
0001887640-22-000002	2	James Parker	Co-Founder	2022-05-02
0001670254-22-000505	2	Diane Cohn	President	2022-04-29
0001876661-22-000003	1	Erasmus J Venter	CEO	2022-05-02
0001665160-22-001534	1	Kevin Hickey	CEO	2022-05-02
0001837420-22-000001	1	Wian van Blommestein	Director	2022-04-30
0001837420-22-000001	2	Emile van Blommestein	Director	2022-04-30
0001670254-22-000513	1	Andrei Volgin	Co-Founder, CTO	2022-04-22
0001670254-22-000513	2	Diane Derasmo	Board Member	2022-04-22
0001670254-22-000513	3	Katherine Kalin	Board member	2022-04-21
0001670254-22-000513	4	Francisco Gomez	Co-Founder - CEO	2022-04-08
0001853510-22-000002	1	Syl	Director	2022-04-30
0001746059-22-000179	1	Sarah Holland	Owner and Founder	2022-05-02
0001691692-22-000003	1	Jude Odu	Chief Executive Officer	2022-05-02
0001665160-22-001527	1	Austen Price	CEO/President	2022-05-02
0001665160-22-001524	1	Yogesh Pandit	Founder & CEO	2022-05-02
0001736448-22-000002	1	Emanuele Ponzo	Chief Executive Officer	2022-05-02
0001805637-22-000003	1	Terje Skotheim	CEO	2022-04-28
0001805637-22-000003	2	Stephen Whalley	Director	2022-04-28
0001805637-22-000003	3	Bruce Berkoff	CMO	2022-04-28
0001670254-22-000506	1	Dani Barker	Writer/Producer/Actor in Follow Her	2022-05-02
0001670254-22-000506	2	Christopher Gaunt	Producer	2022-04-29
0001670254-22-000506	3	Sylvia Caminer	President / Director/Producer	2022-04-28
0001670254-22-000506	4	Dani Barker	Writer/Producer/Actor in Follow Her	2022-04-28
0001670254-22-000506	5	Dani Barker	Writer/Producer/Actor in Follow Her	2022-04-21
0001835612-22-000002	1	William McGuire	Manager & CEO	2022-05-02
0001835612-22-000002	2	Eric Porper	Manager & Chief Strategist	2022-05-02
0001665160-22-001531	1	Betsy L. Ehrenberg	President, CEO and Director	2022-05-02
0001665160-22-001531	2	Andrew Levy	General Counsel and Director	2022-05-02
0001876661-22-000002	1	Erasmus J Venter	CEO	2022-05-02
0001791845-22-000002	1	Peter Vogel	CEO	2022-05-02
0001791845-22-000002	2	Marc Marrin	COO	2022-05-02
0001665160-22-001533	1	Micah Nutt	Vice President	2022-05-02
0001665160-22-001533	2	Jeffrey Kanof	Vice President	2022-05-02
0001665160-22-001533	3	Jason Parker	President	2022-05-02
0001901311-22-000004	1	Frank Adamo	CEO	2022-05-02
0001670254-22-000509	1	Jay Kesan	Co-founder	2022-04-07
0001670254-22-000509	2	Samir Varma	Chairman	2022-04-05
0001670254-22-000509	3	Francois Mahu	Founder, COO & Chief Designer	2022-04-05
0001670254-22-000509	4	Rajiv Narain	Founder & CEO	2022-04-05
0001062993-22-011305	1	/s/ Joseph Chin	CEO, Principal Executive Officer and Director, Principal Financial Officer and Principal Accounting Officer	2022-04-28
0001062993-22-011305	2	/s/ Samuel Pigot	COO, Principal Operational Officer and Director	2022-04-28
0001062993-22-011305	3	/s/ James Chin	Director	2022-04-28
0001670254-22-000507	1	Sarah Nelson	owner	2022-04-27
0001670254-22-000507	2	Lee Nelson	Owner	2022-04-27
0001670254-22-000511	1	Robert O'Connor	CTO	2022-04-26
0001670254-22-000511	2	Patrick O'Hara	Co-Founder/CEO	2022-04-26
0001670254-22-000511	3	Patrick O'Hara	Co-Founder/CEO	2022-04-26
0001670254-22-000511	4	Patrick O'Hara	Co-Founder/CEO	2022-04-25
0001904386-22-000003	1	Scottie Smith II	As Managing Member of the Manager, Oakwood Legacy Holdings, LLC	2022-05-02
0001907870-22-000004	1	James McGibney	Director	2022-05-02
0001907870-22-000004	2	Sheldon Richard (Rick) Bentley	Director	2022-05-02
0001790092-22-000001	1	Paulina Bernaldez	Financial Controller	2022-05-02
0001790092-22-000001	2	Liliana Sanchez	Principal Accountant	2022-05-02
0001665160-22-001518	1	Philip Schwarz	CEO	2022-05-02
0001213900-22-023282	1	/s/ Andrei Evulet	Director	2022-04-29
0001213900-22-023282	2	/s/ Denis Dancanet	Director	2022-04-29
0001670254-22-000505	1	Harold Cohn	CEO	2022-04-29
0001670254-22-000505	3	Harold Cohn	CEO	2022-04-29
0001665160-22-001521	1	Jackie Coffey	CEO	2022-05-02
0001665160-22-001521	2	Dan Pomerleau	CFO	2022-05-02
0001925986-22-000005	1	THOMAS ELLIOTT	MANAGING PARTNER	2022-05-02
0001665160-22-001522	1	Jay	CEO	2022-05-02
0001665160-22-001522	2	Richard Lewis	COO	2022-05-02
0001816536-22-000007	1	christopher anthony	secretary	2022-05-02
0001670254-22-000504	1	Ravi Kurani	COO	2022-04-28
0001670254-22-000504	2	Raul Medina	CEO	2022-04-28
0001665160-22-001514	1	Rolan Reichel	CEO	2022-05-02
0001846512-22-000001	1	Jordan Jones	Manager	2022-05-02
0001644600-22-000075	1	Andrew Yakub	Principal Executive Officer, Principal Financial Officer, Principal Accounting Officer, and Director	2022-05-02
0001644600-22-000075	2	James Rosenzweig	Director	2022-05-02
0001802024-22-000003	2	Maria Elena Carmela Abraham	Chief Product Officer and Director	2022-04-30
0001802024-22-000003	1	Heather Lorraine Dawson	Chief Executive Officer and Director	2022-04-30
0001683168-22-003111	2	/s/ Lilia Nevarez	Principal Accounting Officer	2022-05-02
0001683168-22-003111	3	/s/ Kurt Hanson	Director	2022-05-02
0001683168-22-003111	4	/s/ Doug Hegebarth	Director	2022-05-02
0001683168-22-003111	5	/s/ Gregory Seare	Director	2022-05-02
0001683168-22-003111	1	/s/ Adam Colton	Principal Financial Officer, Principal Executive Officer, Chief Financial Officer, Chief Operating Officer	2022-05-02
0001669191-22-000496	1	David Barnhart	Principal Executive Officer	2022-05-02
0001669191-22-000496	3	Lisa Hill	Principal Accounting Officer	2022-05-02
0001669191-22-000496	4	Talbot Jaeger	Board Member	2022-05-02
0001669191-22-000496	5	David Barnhart	Board Member	2022-05-02
0001669191-22-000496	2	Daniel Lopez	Principal Financial Officer	2022-05-02
0001096906-22-001011	1	/s/ Jill Dempsey	Chief Executive Officer	2022-05-02
0001885290-22-000003	1	/s/ David Zimmerman	President / Founder	2022-05-02
0001665160-22-001511	1	Lyle Gold	President	2022-05-02
0001665160-22-001510	1	Aaron Ellis	CFO	2022-05-02
0001644600-22-000074	3	Jannies Burlingame	Primary Financial Officer, Principal Accounting Officer	2022-05-02
0001644600-22-000074	2	Steve Fambro	Co-Chief Executive Officer, Director	2022-05-02
0001644600-22-000074	1	Chris Anthony	Co-Chief Executive Officer, Director	2022-05-02
0001193125-22-136981	1	Jacques Beaudry Losique	CEO, Principal Executive Officer and Director, Principal Financial Officer and Principal Accounting	2022-05-02
0001644600-22-000072	1	Paul Scanlan	Co-Founder, Chief Executive Officer, Chief Financial Officer and Treasurer and Director	2022-05-02
0001644600-22-000072	3	Terri Lubaroff	Director	2022-05-02
0001644600-22-000072	2	Jeff Annison	President and Director	2022-05-02
0001665160-22-001503	1	Cody Alfar	CEO	2022-05-02
0001665160-22-001504	1	Thomas DeVesto	President	2022-05-02
0001665160-22-001502	1	Ben Chang	CEO	2022-05-02
0001691692-22-000001	1	Abraham Kamarck	Chief Executive Officer	2022-05-02
0001665160-22-001496	1	Mike Williston	CEO	2022-05-02
0001665160-22-001495	2	Michael Bluestein	Director	2022-05-02
0001665160-22-001495	1	Nicole Pekerman	CEO/Director	2022-05-02
0001665160-22-001494	1	Jeffrey Carleton	CEO	2022-05-02
0001802024-22-000001	2	Garrett D. Lash	Manager and Chief Executive Officer	2022-04-30
0001802024-22-000001	1	Ceata E. Lash	Manager	2022-04-30
0001805637-22-000001	1	David Odusanya	CCO/Co-Founder	2022-04-28
0001805637-22-000001	2	Keith Crawford	CEO/Co-Founder	2022-04-28
0001644600-22-000069	1	Brian Johnson	Chief Executive Officer, Principal Financial Officer, Principal Accounting Officer, Director	2022-05-02
0001669191-22-000489	2	Julie Tolley	Board Director	2021-02-22
0001669191-22-000489	1	Greg Weber	Board Director	2021-03-08
0001669191-22-000489	3	James Breyer	Board Director	2021-03-08
0001814684-22-000005	1	Nishith Krishna	Chief Executive Officer	2022-05-02
0001665160-22-001489	2	Thomas H. Day	Board Director	2022-05-02
0001665160-22-001489	5	Dana DiPaolo	CEO	2022-05-02
0001665160-22-001489	4	Elizabeth Murphy	CMO & CPO	2022-05-02
0001665160-22-001489	1	William F. Cesare	Co Founder Chairman	2022-05-02
0001665160-22-001489	3	John S Renza Jr	Board Director	2022-05-02
0001665160-22-001488	2	Sean Hacking	CEO	2022-05-02
0001665160-22-001488	1	Colin Hacking	Chairman	2022-05-02
0001665160-22-001486	1	James Feeman	COO	2022-05-02
0001860996-22-000002	4	Shreyas Sadalgi	Director	2022-05-02
0001860996-22-000002	3	Craig London	Director	2022-05-02
0001860996-22-000002	2	Gary Klinefelter	Director	2022-05-02
0001860996-22-000002	5	Robert Ahlgren	Director	2022-05-02
0001860996-22-000002	1	Shane Dyer	Director	2022-05-02
0001665160-22-001483	1	Robert A. Goddard	Chairman, Chief Executive Officer, President, Principal Financial Officer, Principal Accounting Officer and Director	2022-05-02
0001665160-22-001483	2	Marty Loughlin	Director	2022-05-02
0001665160-22-001483	4	Greg Greene	Executive Vice President and Chief Revenue Officer	2022-05-02
0001665160-22-001483	3	Teresa Dean MD	Board of Directors	2022-05-02
0001852138-22-000005	2	Grant Jordan	Director	2022-05-02
0001852138-22-000005	1	Leo Trottier	Director	2022-05-02
0001665160-22-001480	3	Terri Lubaroff	Director	2022-05-02
0001665160-22-001480	2	Jeff Annison	Director	2022-05-02
0001665160-22-001480	1	Paul Scanlan	Co-Founder, Chief Executive Officer, Chief Financial Officer and Treasurer	2022-05-02
0001665160-22-001479	2	Ryan White	Co-Founder & CEO	2022-05-02
0001665160-22-001479	1	Joseph Carmichael	Co-Founder & President	2022-05-02
0001669191-22-000484	2	Timothy Alatorre	Board Director	2021-11-05
0001669191-22-000484	3	Thomas R. Spilker	Board Director	2021-11-05
0001669191-22-000484	1	James Wolff	Board Director	2021-11-05
0001669191-22-000484	4	Rhonda Stevenson	Board Director	2021-11-05
0001852138-22-000003	1	Heidi Locke Simon	Chair of the Board of Directors	2022-04-28
0001852138-22-000003	2	Matt Schaefer	Director	2022-04-28
0001852138-22-000003	3	Joe Anderson	Director	2022-04-28
0001747584-22-000017	1	Peter Krajsa	Co-Chair and Founder	2022-05-02
0001665160-22-001477	1	Shaun Noonan	Founder, CEO, and Director	2022-05-02
0001665160-22-001477	2	Kevin Armantrout	COO and Director	2022-05-02
0001665160-22-001476	1	JMS	CEO	2022-05-02
0001665160-22-001473	1	Zachary Sarf	Founder	2022-05-02
0001104659-22-054615	2	/s/ James Buck Jordan	Director	2022-05-02
0001104659-22-054615	3	/s/ Kevin Morris	Chief Financial Officer and Chief Accounting Officer	2022-05-02
0001104659-22-054615	1	/s/ Massimo Noja De Marco	Chief Executive Officer	2022-05-02
0001665160-22-001471	3	Douglas Klein	Chief Financial Officer (Principal Financial and Accounting Officer)	2022-05-02
0001665160-22-001471	2	Lee Feliciano	Chief Operating Officer and Director	2022-05-02
0001665160-22-001471	1	Paul Shmotolokha	Chief Executive Officer and Chairman of the Board of Directors (Principal Executive Officer and Director)	2022-05-02
0001665160-22-001471	4	Roger Heegaard	Director	2022-05-02
0001665160-22-001471	5	Nicholas Rogerson	Director	2022-05-02
0001665160-22-001469	1	Jonathan Ovadia	CEO	2022-05-02
0001665160-22-001466	6	Robert G. Knollenberg	Director	2022-05-02
0001665160-22-001466	5	David Cox	Director	2022-05-02
0001665160-22-001466	4	David McClenahan	Director	2022-05-02
0001665160-22-001466	8	Justin Mark Ryan, Jr	Director	2022-05-02
0001665160-22-001466	2	Jacob Klinginsmith	President and Director	2022-05-02
0001665160-22-001466	1	Nicholas Guida	Chairman of the Board of Directors, Founder, CEO and CTO	2022-05-02
0001665160-22-001466	7	Jere Kovach	Secretary and Director	2022-05-02
0001665160-22-001466	3	Lisa Kassa	Treasurer, Controller, Principal Financial Officer	2022-05-02
0001665160-22-001465	2	Amir Barsoum Mikhail	Chairman	2022-05-02
0001665160-22-001465	1	Ramy Barsoum Mikhail	Co-Founder, CEO, Principal Executive Officer, Director and Principal Accounting Officer	2022-05-02
0001796106-22-000002	1	Alex Bayer	CEO	2022-05-02
0001665160-22-001464	1	Stephen Tibbitts	CEO	2022-05-02
0001665160-22-001463	1	Robert Niichel	CEO, Principal Executive Officer and Director, Principal Financial Officer and Principal Accounting Officer	2022-05-02
0001830013-22-000002	1	Megan Leccese	Owner	2022-05-02
0001665160-22-001461	1	Tyler Gottstein	CEO, Principal Executive Officer, and Director, Principal Financial Officer, and Principal Accounting Officer	2022-05-02
0001665160-22-001460	1	J. Thomas Graham	CEO, Principal Executive Officer and Director, Principal Financial Officer and Principal Accounting Officer	2022-05-02
0001665160-22-001459	1	Lance M. King	CEO	2022-05-02
0001860813-22-000001	1	Potito Leccese	Owner	2022-05-02
0001831529-22-000002	1	Delphine Carter	CEO	2022-05-02
0001833578-22-000002	2	Rebecca Snyder	Co-Founder, Head of Production	2022-05-02
0001833578-22-000002	1	Benjamin Synder	Co-Founder & Principal Executive Officer, Director of Operations	2022-05-02
0001665160-22-001457	1	Kirill Gichunts	CEO, Principal Executive Officer, Director, Principal Financial Officer and Principal Accounting Officer for FuelGems Inc.	2022-05-02
0001665160-22-001455	1	Victor Bergonzoli	Chief Executive Officer	2022-05-02
0001665160-22-001456	1	Dawn Dickson	Chief Executive Officer	2022-05-02
0001825264-22-000001	1	Matt McPheely	Manager, CM Development Partners LLC, CHPL Real Estate LLC's Manager	2020-10-08
0001665160-22-001451	1	Stephen Young	CEO	2022-05-02
0001744032-22-000002	1	Alan S. Knitowski	Chief Executive Officer	2022-05-02
0001670254-22-000503	3	Matthieu Jost	CEO	2022-04-28
0001670254-22-000503	2	Marc Dedonder	Chief content officer	2022-04-28
0001670254-22-000503	1	Francois de Landes de Saint Palais d Aussac	COO	2022-04-28
0001665160-22-001447	1	Kevin Cornell	CEO/CFO/Director	2022-05-02
0001665160-22-001448	1	Adam Weiss	CEO	2022-05-02
0001670254-22-000502	1	Christopher Wynne	CEO	2022-04-29
0001665160-22-001443	1	Jabari Johnson	CEO/Founder	2022-05-02
0001665160-22-001441	1	Allan Grosvenor	CEO	2022-05-02
0001665160-22-001438	1	Diana Sabacinski	CEO, Principal Executive Officer and Director, Principal Financial Officer and Principal Accounting Officer	2022-05-02
0001873727-22-000004	4	Kelly Powers	Director	2022-05-02
0001873727-22-000004	2	/s/ Jim Hotaling	Director	2022-05-02
0001873727-22-000004	3	/s/ Dinesh Patel	Director	2022-05-02
0001873727-22-000004	1	/s/ Brian Holt	Chief Executive Officer	2022-05-02
0001669191-22-000482	2	Amy Rau Segnit	Board Director	2021-11-08
0001669191-22-000482	1	Seymour Segnit	Board Director	2021-11-08
0001665160-22-001435	8	Luis Garcia	Director	2022-05-02
0001665160-22-001435	7	Ross Ford	Director	2022-05-02
0001665160-22-001435	4	Sarah Diebold	Director	2022-05-02
0001665160-22-001435	5	Adam Enamorado	COO	2022-05-02
0001665160-22-001435	9	Chris Meaux	Director	2022-05-02
0001665160-22-001435	1	Frederic Speed Bancroft	CEO/Chairman	2022-05-02
0001665160-22-001435	2	Mitch Rotolo	Director	2022-05-02
0001665160-22-001435	3	Ozzie Fernandez	Director	2022-05-02
0001665160-22-001435	6	Juliana Hernandez	CFO	2022-05-02
0001665160-22-001432	1	Ashley Moore	Senior Accountant	2022-05-02
0001644600-22-000066	3	Hamid Firooznia	Director	2022-05-02
0001644600-22-000066	1	Paolo Tiramani	Chief Executive Officer, Director, Principal Financial Officer, and Principal Accounting Officer	2022-05-02
0001644600-22-000066	2	Galiano Tiramani	Director	2022-05-02
0001665160-22-001430	1	J. Garrett Green	Chief Executive Officer	2022-05-02
0001665160-22-001426	1	Ronald Jeffery Arnold	President	2022-05-02
0001665160-22-001423	1	Earl Cole	CEO	2022-05-02
0001852138-22-000001	1	Brendan Medeiros	Chief Executive Officer and Director	2022-04-29
0001852138-22-000001	2	Isidro Garcia Hernandez	Chief Technology Officer and Director	2022-04-29
0001665160-22-001421	1	Stephen Graves	CEO	2022-05-02
0001830612-22-000002	2	Mallory Everton	CEO	2022-05-02
0001830612-22-000002	1	Natalie Madsen	Executive Producer	2022-05-02
0001665160-22-001419	1	Dan Barrell	CFO	2022-05-02
0001665160-22-001419	2	Colin Jube	CEO	2022-05-02
0001747584-22-000015	1	Cullen Kasunic	Manager, Chief Financial Officer	2022-05-02
0001665160-22-001417	1	Steve Luttmann	CEO	2022-05-02
0001665160-22-001415	1	John Conte	President	2022-05-02
0001644600-22-000065	1	Anla Cheng	Chief Executive Officer and Director	2022-05-02
0001644600-22-000065	2	Bob Guterma	Chief Operating Officer	2022-05-02
0001644600-22-000065	3	Clarence Kwan	Director	2022-05-02
0001805081-22-000004	2	Sara Ellis Conant	Chief Executive Officer	2022-05-02
0001805081-22-000004	1	Michael Counts	Founder	2022-05-02
0001830829-22-000001	3	Patrick Fry	Board Member	2022-05-02
0001830829-22-000001	2	Dave McLean	Co-Chief Executive Officer	2022-05-02
0001830829-22-000001	1	Elizabeth Cooper	Co-Chief Executive Officer	2022-05-02
0001747584-22-000013	1	Theresa Smith	CTO	2022-04-29
0001738836-22-000005	1	Rachel Rivas	Investor Relations	2022-05-02
0001665160-22-001412	1	Isaac Hayes III	CEO, Principal Executive Officer and Director, Principal Financial Officer and Principal Accounting Officer	2022-05-02
0001816293-22-000002	1	Jason Taylor	Operations Lead	2022-05-02
0001826308-22-000002	3	Daniel Harmon	President and Director	2022-05-02
0001826308-22-000002	1	Jonny Vance	Chief Marketing Officer	2022-05-02
0001826308-22-000002	2	Benton Crane	Manager and Executive Producer	2022-05-02
0001669191-22-000480	2	Chelinde Edouard	Board Director	2020-11-30
0001669191-22-000480	1	John Fanning, Jr	Board Director	2020-11-30
0001670254-22-000501	1	Greg Hughes Belote	Founder & CTO	2022-04-29
0001670254-22-000501	2	Nick Tommarello	Founder & CEO	2022-04-29
0001665160-22-001409	1	Marla Isackson	CEO, President, Secretary, and Treasurer	2022-05-02
0001665160-22-001409	2	Debra Angilletta	CFO	2022-05-02
0001665160-22-001407	1	Joseph Riano	CEO	2022-05-02
0001758964-22-000006	1	Salone Monet Johnson	Chief Executive Officer, Director	2022-05-02
0001644600-22-000063	1	Michael Presti	President, Chief Executive Officer, and Secretary	2022-05-02
0001665160-22-001405	1	Jacob Klinginsmith	President	2022-04-26
0001665160-22-001403	1	Kevin McGregor	CEO	2022-05-02
0001669191-22-000477	2	Monica Brady	Board Director	2021-03-31
0001669191-22-000477	1	Evelyn Watters	Board Director	2021-03-31
0001665160-22-001399	1	Bradley Price	Founder	2022-05-02
0001665160-22-001396	1	Katya Sverdlov	CEO	2022-05-02
0001851773-22-000004	3	Kirk Uhler	Manager	2022-04-29
0001851773-22-000004	2	Bryan Heath	Manager	2022-04-29
0001851773-22-000004	1	Brian Jagger	Manager	2022-04-29
0001665160-22-001395	1	Mitch Hecht	Chief Executive Officer	2022-05-02
0001758964-22-000005	1	Adam Carver	Chief Executive Officer, Treasurer, Director	2022-05-02
0001758964-22-000005	2	Gilad Goren	Director, Secretary	2022-05-02
0001834769-22-000008	1	Andrew Yang	Chief Executive Officer	2022-05-02
0001665160-22-001392	1	Jordan Haddad	President & CEO	2022-05-02
0001758964-22-000004	1	Derek Waleko	Chief Executive Officer and Director	2022-05-02
0001758964-22-000004	2	Isaac Nabors	Director	2022-05-02
0001802152-22-000002	2	Joseph Maier	Chief Technology Officer	2022-05-02
0001802152-22-000002	1	Frances Maier	Founder and Chief Executive Officer	2022-05-02
0001665160-22-001388	1	Jon Stone	President, CEO, Secretary, Treasurer and Founder	2022-05-02
0001758964-22-000003	1	Adam Carver	Chief Executive Officer, Treasurer, Director	2022-05-02
0001758964-22-000003	2	Gilad Goren	Director, Secretary	2022-05-02
0001851773-22-000002	1	Garrett Gee	Director	2022-04-29
0001851773-22-000002	2	Kirk Ouimet	Director	2022-04-27
0001851773-22-000002	3	Aviad Eyal	Director	2022-04-30
0001665160-22-001386	1	Frederick Akpoghene	CEO/Founder	2022-05-02
0001665160-22-001386	2	Yinka Majekodunmi	CFO	2022-05-02
0001665160-22-001384	1	Sal Rafanelli	President and CEO	2022-05-02
0001665160-22-001384	2	Joseph C BissonnetteE	Chief Financial Officer	2022-05-02
0001665160-22-001384	3	Todd Krasinsky	Chief Strategy Officer and Director	2022-05-02
0001901207-22-000003	1	Tobin Shea	CEO	2022-05-02
0001665160-22-001381	1	Richard Byrne	Financial Officer	2022-05-02
0001758964-22-000001	2	Isaac Nabors	Director	2022-04-29
0001758964-22-000001	1	Derek Waleko	Chief Executive Officer and Director	2022-04-29
0001665160-22-001378	1	Virginia Burns	Vice President	2022-05-02
0001665160-22-001378	2	Nicole Aquino	Secretary	2022-05-02
0001827592-22-000002	4	Brendan Coffey	Director	2022-05-02
0001827592-22-000002	3	Jarret Christie	Director	2022-05-02
0001827592-22-000002	2	Matthew Lebo	Secretary, CFO, Director	2022-05-02
0001827592-22-000002	1	Courtney Boyd Myers	President, CEO, CMO, Director	2022-05-02
0001665160-22-001373	1	Douglas V. Giampapa	CEO	2022-05-02
0001665160-22-001370	1	Saeed Khosravi	Chief Technical Officer	2022-05-02
0001665160-22-001367	1	Vincent Bryan III	CEO, Principal Executive Officer and Director, Principal Financial Officer and Principal Accounting Officer	2022-05-02
0001665160-22-001367	4	Siao Ling Kok	Principal Financial Officer and Principal Accounting Officer	2022-05-02
0001665160-22-001367	3	Michael Hendrickson	Board of Directors	2022-05-02
0001665160-22-001367	2	Vincent E Bryan Jr.	Board of Directors	2022-05-02
0001665160-22-001364	1	Daniel Soviero	CEO	2022-05-02
0001213900-22-022913	2	/s/ Denys Golubovskyi	Director	2022-05-02
0001213900-22-022913	3	/s/ Oleksandr Kotovskov	Director	2022-05-02
0001213900-22-022913	1	/s/ Oleksiy Lyubynskyy	CEO, principal financial officer, principal accounting officer & Director	2022-05-02
0001669191-22-000475	1	Seymour Segnit	Principal Executive Officer	2022-05-02
0001669191-22-000475	2	Amy Rau Segnit	Principal Financial Officer	2022-05-02
0001669191-22-000475	3	Seymour Segnit	Principal Accounting Officer	2022-05-02
0001669191-22-000475	4	Seymour Segnit	Board Member	2022-05-02
0001669191-22-000475	5	Amy Rau Segnit	Board Member	2022-05-02
0001669191-22-000473	5	Amy Rau Segnit	Board Member	2022-05-02
0001669191-22-000473	4	Seymour Segnit	Board Member	2022-05-02
0001669191-22-000473	3	Seymour Segnit	Principal Accounting Officer	2022-05-02
0001669191-22-000473	1	Seymour Segnit	Principal Executive Officer	2022-05-02
0001669191-22-000473	2	Amy Rau Segnit	Principal Financial Officer	2022-05-02
0001104659-22-054006	6	/s/ Andrew Rock	Director	2022-05-02
0001104659-22-054006	7	/s/ Mary Ann Tyszko	Director	2022-05-02
0001104659-22-054006	4	/s/ Peter Cohen	Director	2022-05-02
0001104659-22-054006	3	/s/ James Croke	Director	2022-05-02
0001104659-22-054006	2	/s/ Richard Bongo	Chief Financial Officer, Principal Accounting Officer, Director	2022-05-02
0001104659-22-054006	1	/s/ Richard Uhlig	Chief Executive Officer, Chairman	2022-05-02
0001104659-22-054006	5	/s/ Ira Fedder MD	Director	2022-05-02
0001893768-22-000002	2	Sanet Kritzinger	Manager	2022-04-29
0001893768-22-000002	3	Osment Cunningham	Manager	2022-04-29
0001873727-22-000003	1	/s/ Brian Holt	Chief Executive Officer	2022-04-29
0001873727-22-000003	2	/s/ Phillip Grimm	Director	2022-04-29
0001873727-22-000003	3	/s/ Jim Hotaling	Director	2022-04-29
0001873727-22-000003	4	Dinesh Patel	Director	2022-04-29
0001873727-22-000003	5	Kelly Powers	Director	2022-04-29
0001665160-22-001315	1	Jason Richards	CEO	2022-04-29
0001665160-22-001314	1	Paul D. Bojic	President	2022-04-29
0001835960-22-000002	1	Chris Ellis	CEO, Director	2022-04-29
0001835960-22-000002	2	Sangyeop Sam Kwak	CSO, Director	2022-04-29
0001835960-22-000002	3	Bryant Laitipaya	Head of Operations	2022-04-29
0001747803-22-000010	2	John Caravello	Managing Member	2022-04-29
0001665160-22-001331	1	Douglas M Foster	Manager	2022-04-29
0001665160-22-001331	2	Ryan Bove	President, CEO	2022-04-29
0001670254-22-000488	1	Edward Agabs	CEO & Founder	2021-12-07
0001665160-22-001332	1	Jonathan Ovadia	CEO, Principal Executive Officer and Director, Principal Financial Officer and Principal Accounting Officer	2022-04-29
0001747803-22-000013	1	Evan Wade	Director	2022-04-29
0001665160-22-001337	1	Matthew Morin	Secretary	2022-04-29
0001665160-22-001337	2	Kevin Morin	CEO	2022-04-29
0001665160-22-001336	1	Cindy M Diffenderfer	Chief Executive Officer	2022-04-29
0001665160-22-001336	2	Scott Liebman	Chief Financial Officer	2022-04-29
0001747803-22-000014	1	Evan Wade	Director	2022-04-29
0001665160-22-001341	1	Ravi Sharma	CEO and Founder	2022-04-29
0001665160-22-001342	1	Chris Outwater	CEO	2022-04-29
0001670254-22-000490	1	David Dwumah	Founder & CEO	2022-04-27
0001640709-22-000001	1	Payam Safa	CEO	2022-04-29
0001640709-22-000001	2	Norman Rose	Director	2022-04-29
0001665160-22-001310	1	Christopher Dell'olio	Chief Executive Officer	2022-04-29
0001670254-22-000479	1	Craig Lewis Bond	Chairman	2022-04-26
0001670254-22-000479	2	Ian Michael Baxter	Board Member	2022-04-25
0001670254-22-000479	3	James Schleckser	CEO & Board Member	2022-04-25
0001670254-22-000479	4	Stephen Le Roux	President	2022-04-25
0001670254-22-000479	5	Matthew Armandi	Chief Financial Officer	2022-04-25
0001670254-22-000481	1	Oliver Mann	Writer / Director, Producer	2021-12-22
0001665160-22-001317	1	Arya Mazanek	CEO	2022-04-29
0001096906-22-000998	1	/s/ Lior Shafir	Chief Executive Officer	2022-04-29
0001670254-22-000482	1	Mucjon Demiraj	COO	2022-04-06
0001670254-22-000482	2	Nicolas Simon	CEO	2022-04-05
0001670254-22-000485	1	Paul T VanderKuyl	CEO	2022-04-12
0001670254-22-000485	2	Taylor Blom	Co-Founder & CRO	2022-04-12
0001903204-22-000003	1	Lee King	Director	2022-04-29
0001821386-22-000003	1	Cyo Ray Nystrom	CEO	2022-04-29
0001821386-22-000003	2	Rachel Washtien	Director	2022-04-29
0001821386-22-000003	3	Dana Twomey	Director	2022-04-29
0001846065-22-000002	1	Palem Imran	CEO & Director	2022-04-29
0001846065-22-000002	2	Bhargav Varma	Director	2022-04-29
0001670254-22-000484	1	Gabriel Hoffman	Secretary & Treasurer	2022-03-15
0001670254-22-000484	2	Sean Rutherford	CFO	2022-03-15
0001670254-22-000484	3	Brandon Taylor	CEO & CIO	2022-03-15
0001665160-22-001319	1	Daniel Lyons	CEO, Principal Executive Officer and Director, Principal Financial Officer and Principal Accounting Officer	2022-04-29
0001665160-22-001324	1	Deep Chakraborty	CEO	2022-04-29
0001747803-22-000008	1	Andrew Page	Director	2022-04-29
0001747803-22-000008	2	Anuj Patel	Director	2022-04-29
0001665160-22-001327	1	Joshua Roberto	Chief Product Development Officer	2022-04-29
0001665160-22-001327	2	Roger G. Brook	Chief Growth Officer	2022-04-29
0001665160-22-001327	3	Clovis Blackwell	Operations Director, Board Secretary	2022-04-29
0001665160-22-001327	4	Vincent F. Caimano	CEO	2022-04-29
0001670254-22-000487	1	Alexander Gruber	CPO	2022-04-28
0001670254-22-000487	2	Shane Hiller	Director / Investor	2022-04-28
0001670254-22-000487	3	Eric Plam	CEO	2022-04-27
0001747803-22-000009	1	Trishna Saigal	Director	2022-04-29
0001811444-22-000001	1	Katie Demo	President	2022-04-29
0001808907-22-000003	1	Christopher Boyd	CEO	2022-04-29
0001808907-22-000003	2	Ben Acott	Director	2022-04-29
0001808907-22-000003	3	Marcelo Kertesz	Director	2022-04-29
0001808907-22-000003	4	Ryan Mulvany	Director	2022-04-29
0001808907-22-000003	5	Tonya Wearner	Director	2022-04-29
0001808907-22-000003	6	Brad Seipp	Director	2022-04-29
0001665160-22-001307	1	David Obasiolu	CEO	2022-04-29
0001893768-22-000002	1	David Michael Brett Johnson	Manager	2022-04-29
0001821386-22-000004	1	Steven Renbaum	CEO	2022-04-29
0001784334-22-000001	1	Zhisong Cao	CEO	2022-04-29
0001747803-22-000006	1	Carlos Fernando Mendez	Director	2022-04-29
0001747803-22-000006	2	Melissa Mendez	Director	2022-04-29
0001493152-22-011666	1	/s/ Arlan Hamilton	Manager	2022-04-29
0001665160-22-001321	1	John H. King	CEO	2022-04-29
0001747803-22-000007	1	Jack Benzaquen	Manager	2022-04-29
0001747584-22-000011	1	Alexander E. Blackmer	manager	2022-04-29
0001665160-22-001358	1	Joshua Resnick	CEO	2022-04-29
0001104659-22-053933	1	/s/ George Murnane	Chief Executive Officer and President	2022-04-29
0001104659-22-053933	2	/s/ Michael D. Winston, CFA	Executive Chairman (Director), Principal Financial Officer and Principal Accounting Officer	2022-04-29
0001665160-22-001355	1	Hans Hesselholt Henne Hansen	CEO, Founder	2022-04-29
0001665160-22-001353	1	Marcel Puijk	Chief Financial Officer	2022-04-29
0001670254-22-000495	1	Jill Schriefer	Chief Customer Officer	2022-04-27
0001670254-22-000495	2	Tavis Schriefer	CCO	2022-04-14
0001670254-22-000495	3	Tavis Schriefer	Founding CEO	2022-04-14
0001670254-22-000495	4	Tavis Schriefer	Founding CEO	2022-04-14
0001670254-22-000498	1	Ron Harris	President	2022-04-28
0001670254-22-000498	2	Jason Brown	Board Member	2022-04-28
0001665160-22-001361	1	Morgan Bierschenk	Co-Founder/Chief Executive Officer	2022-04-29
0001782494-22-000001	1	Mark Hellweg	Director	2022-04-29
0001782494-22-000001	2	Brad Walhood	Director	2022-04-29
0001860056-22-000002	1	Brian Marshall	Manager and Chief Operating Officer	2022-04-29
0001860056-22-000002	2	Rhonda Marshall	Manager and Chief Executive Officer	2022-04-29
0001213900-22-022852	1	/s/ Ali El Idrissi	Chief Executive Officer	2022-04-29
0001670254-22-000491	1	Franck LAHAYE	COO and cofounder	2022-04-29
0001670254-22-000491	2	Andrei Klochko	CEO and cofounder	2022-04-29
0001665160-22-001345	1	Paul Francis	President and CEO	2022-04-29
0001665160-22-001347	1	Shahin Khorshidpanah	President	2022-04-29
0001665160-22-001347	2	Kevin Arca	CEO	2022-04-29
0001782494-22-000002	1	Sydney Chasin	Chief Executive Officer	2022-04-29
0001747803-22-000015	1	Trishna Saigal	Director	2022-04-29
0001670254-22-000494	1	Lynn Langford	Founder/CEO	2022-04-28
0001861670-22-000002	1	James Chris Wall	Manager	2022-04-29
0001861670-22-000002	2	Andrew Peterson	Manager	2022-04-29
0001665160-22-001352	1	Micah Bergdale	CEO	2022-04-29
0001665160-22-001349	1	Marc E Pierce	CEO	2022-04-29
0001640334-22-000856	1	/s/ Troy Levy	Director	2022-04-29
0001640334-22-000856	2	/s/ Sunny Sharma	Interim Chief Financial Officer (Principal Financial Officer)	2022-04-29
0001640334-22-000856	3	/s/ Ronald Kapphahn	Director	2022-04-29
0001670254-22-000486	1	Alan James Bailey	CFO	2021-10-21
0001670254-22-000486	2	Alejandro Zalles	CTO	2021-10-21
0001670254-22-000486	3	Michael Sean Hynson	COO	2021-10-21
0001670254-22-000486	4	Jean Pierre Fatta	Founder & CEO	2021-10-21
0001665160-22-001330	1	Weaver Gaines	Chairman & CEO	2022-04-29
0001665160-22-001330	2	Richard Ferrari	Board Member	2022-04-29
0001665160-22-001330	3	Stephanie Warrington	Board Member	2022-04-29
0001665160-22-001330	4	Robert V House	Board Member	2022-04-29
0001665160-22-001330	5	Suha Jhaveri	Board Member	2022-04-29
0001747803-22-000012	1	Oswaldo Gutierrez	Managing Member	2022-04-29
0001747803-22-000012	2	John Caravello	Managing Member	2022-04-29
0001747803-22-000010	1	Oswaldo Gutierrez	Managing Member	2022-04-29
0001665160-22-001305	1	/Curtis Ceballos/	President/CEO	2022-04-29
0001665160-22-001304	4	George Arida	Chief Financial Officer, Chief Operating Officer and Director	2022-04-29
0001665160-22-001304	5	Curt Christensen	Vice President of Manufacturing, Cofounder, and Director	2022-04-29
0001665160-22-001304	3	Kim Mageau	Vice Chair of the Board of Directors	2022-04-29
0001665160-22-001304	2	Tom Tefft	Director	2022-04-29
0001665160-22-001304	1	Daniel Davis	VP of RandD, Co-Founder, and Director	2022-04-29
0001671941-22-000003	3	Paul Ahlstrom	Director	2022-04-29
0001671941-22-000003	4	Dalton Wright	Director	2022-04-29
0001671941-22-000003	2	Patrick Reilly	Chief Financial Officer	2022-04-29
0001671941-22-000003	1	Neal Harmon	Chief Executive Officer and Director	2022-04-29
0001665160-22-001303	1	Todd Thompson	CEO	2022-04-29
0001828473-22-000003	1	Xiaoyang (Betty) Tang	Director	2022-04-29
0001670254-22-000475	1	Stephen Flaherty	Founder & CEO	2022-02-04
0001665160-22-001302	1	Hans King	Senior Vice President and Director	2022-04-29
0001665160-22-001302	2	Ryan Ceballos	Executive Vice President and Director	2022-04-29
0001665160-22-001301	1	Eran Orr	Chief Executive Officer	2022-04-29
0001670254-22-000474	3	Kyle Meyer	CEO	2022-04-29
0001670254-22-000474	2	Brett Meisenheimer	V.P.	2022-04-29
0001670254-22-000474	1	Roger  Heymann	cfo	2022-04-29
0001685404-22-000001	1	Michael Lewis	CEO	2022-04-29
0001670254-22-000473	1	Eyal Amir	CEO	2022-04-27
0001670254-22-000471	2	Patrick Henry	President & CEO	2022-04-23
0001670254-22-000471	1	Farooq Anjum	Board members	2022-04-23
0001644600-22-000061	1	Brooks Powell	Chief Executive Officer, Chief Financial Officer, Chief Accounting Officer and Director	2022-04-29
0001644600-22-000061	3	Melody Koh	Director	2022-04-29
0001644600-22-000061	2	Stephan McLean Jr.	Director	2022-04-29
0001665160-22-001297	3	Keith J. Kanouse	Director, General Counsel and Corporate Secretary	2022-04-29
0001665160-22-001297	1	Joseph Riano	Director, CEO, Principal Financial Officer and President	2022-04-29
0001665160-22-001297	2	Harold Schultz	Board Member	2022-04-29
0001665160-22-001297	4	Donald Kohl	Director	2022-04-29
0001665160-22-001297	5	Michael J. Pichel	Director	2022-04-29
0001665160-22-001297	6	Gerardo Moran	Vice President	2022-04-29
0001830560-22-000001	1	Darrell Pickens	DIRECTOR	2022-04-29
0001670254-22-000470	1	Jim Iversen	Co-Founder, CEO	2021-11-30
0001665160-22-001295	1	Kevin McGregor	CEO, Principal Executive Officer and Director, Principal Financial Officer and Principal Accounting Officer	2022-04-29
0001665160-22-001294	1	Vincent Bryan III	CEO, Principal Executive Officer and Director, Principal Financial Officer and Principal Accounting Officer	2022-04-29
0001665160-22-001291	6	Gerardo Moran	Vice President	2022-04-29
0001665160-22-001291	5	Michael J. Pichel	Director	2022-04-29
0001665160-22-001291	3	Keith J. Kanouse	Director, General Counsel and Corporate Secretary	2022-04-29
0001665160-22-001291	2	Harold Schultz	Board Member	2022-04-29
0001665160-22-001291	1	Joseph Riano	Director, CEO, Principal Financial Officer and President	2022-04-29
0001665160-22-001291	4	Donald Kohl	Director	2022-04-29
0001826438-22-000001	1	James Cole	Founder & CEO	2022-04-29
0001670254-22-000468	1	Stephan Hartman	Founder, Chairman & CEO	2022-04-29
0001803592-22-000002	2	Stephan Fortier	CEO	2022-04-29
0001803592-22-000002	1	Jean Jean Pelletier	Director	2022-04-29
0001803592-22-000002	3	Bruno Gutton	Board Member	2022-04-29
0001659586-22-000003	1	Starling Childs	CEO, President	2022-04-29
0001670254-22-000467	1	Stephan Hartman	Founder, Chairman & CEO	2022-04-29
0001779318-22-000001	1	Pierre Laguerre	CEO	2022-04-29
0001670254-22-000466	1	Eric Jackson	CEO and Co-Founder	2022-04-29
0001670254-22-000466	2	Eric Jackson	CEO and Co-Founder	2022-04-28
0001104659-22-053644	8	/s/ Gilad Glick	Board Member	2022-04-29
0001104659-22-053644	7	/s/ Christy Jones	Board Member	2022-04-29
0001104659-22-053644	5	/s/ Jeffrey Hitchcock	Board Member	2022-04-29
0001104659-22-053644	4	/s/ Finny Kuruvilla	Board Member	2022-04-29
0001104659-22-053644	3	/s/ Sean D. Carney	Board Member	2022-04-29
0001104659-22-053644	2	/s/ Edward Damiano	Executive Chair and Board Member	2022-04-29
0001104659-22-053644	1	/s/ Gilbert Clarke	Chief Financial Officer	2022-04-29
0001104659-22-053644	6	/s/ Beth A. Brooke	Board Member	2022-04-29
0001738836-22-000003	1	Rachel Rivas	Investor Relations	2022-04-29
0001669191-22-000470	1	Gregory  Duffell	Principal Executive Officer	2022-04-29
0001669191-22-000470	2	Francis  Ong	Principal Financial Officer	2022-04-29
0001669191-22-000470	3	Gregory  Duffell	Principal Accounting Officer	2022-04-29
0001669191-22-000470	4	Francis  Ong	Board Member	2022-04-29
0001669191-22-000470	5	Gregory  Duffell	Board Member	2022-04-29
0001665160-22-001283	2	Khai Nguyen	CFO, Director, Treasurer	2022-04-29
0001665160-22-001283	1	Tyler Boone	CEO, President and Director	2022-04-29
0001726537-22-000003	1	Frank Borger Gilligan	Attorney for Issuer	2022-04-29
0001665160-22-001281	2	Mitch Rotolo	Director	2022-04-29
0001665160-22-001281	3	Ozzie Fernandez	Director	2022-04-29
0001665160-22-001281	4	Sarah Diebold	Director	2022-04-29
0001665160-22-001281	5	Adam Enamorado	COO	2022-04-29
0001665160-22-001281	6	Juliana Hernandez	CFO	2022-04-29
0001665160-22-001281	1	Frederic Speed Bancroft	CEO/Chairman	2022-04-29
0001665160-22-001281	8	Luis Garcia	Director	2022-04-29
0001665160-22-001281	7	Ross Ford	Director	2022-04-29
0001665160-22-001281	9	Chris Meaux	Director	2022-04-29
0001665160-22-001278	1	Alexander M. Brent	CEO, President, Secretary, Chairman of the Board, CFO	2022-04-29
0001665160-22-001278	2	James Agate	COO, Director	2022-04-29
0001671941-22-000001	1	Neal Harmon	Chief Executive Officer and Director	2022-04-29
0001671941-22-000001	2	Patrick Reilly	Chief Financial Officer	2022-04-29
0001671941-22-000001	4	Paul Ahlstrom	Director	2022-04-29
0001671941-22-000001	3	Dalton Wright	Director	2022-04-29
0001665160-22-001275	1	Matthew Chasen	Chief Executive Officer, Chairman and Sole Board Member	2022-04-29
0001666102-22-000009	1	Tianyuan Gu	CEO	2022-04-29
0001213900-22-022691	1	/s/ Rachel Kuperman	CEO	2022-04-29
0001839110-22-000001	1	Uday Kiran Chaka	CEO	2022-04-29
0001666102-22-000008	1	Tianyuan Gu	CEO	2022-04-29
0001797422-22-000002	1	Kyle LaFond	Director, President, Secretary	2022-04-29
0001797422-22-000002	3	Gary Keider	Director	2022-04-29
0001797422-22-000002	2	Eric Bilenko	Director	2022-04-29
0001787138-22-000001	1	Jonathan Schultz	CEO & Director	2022-04-29
0001213900-22-022687	1	Jeffrey Kleiner	Chief Executive Officer	2022-04-29
0001213900-22-022684	3	/s/ Stewart Peabody	Director	2022-04-29
0001213900-22-022684	4	/s/ Jeffrey Kleiner	CEO, President and Director	2022-04-29
0001213900-22-022684	1	/s/ Jeffrey Kleiner	CEO, President and Director	2022-04-29
0001213900-22-022684	2	/s/ Harris Kirshner	CFO, Secretary and Director	2022-04-29
0001193125-22-133386	1	/s/ Anthony Gantt, Jr.	Chief Executive Officer	2022-04-29
0001821386-22-000002	2	Richard Kim	Director	2022-04-29
0001821386-22-000002	1	Andrey Yanyuk	CEO	2022-04-29
0001104659-22-053474	3	/s/ Anna Harding	Director	2022-04-29
0001104659-22-053474	2	/s/ Andrew Ulmer	President, Chief Financial Officer, Chief Accounting Officer and Director	2022-04-29
0001104659-22-053474	1	/s/ Richard Gamarra	Chief Executive Officer, Secretary and Director	2022-04-29
0001769923-22-000001	1	/s/ Shantanu Rana	Director, CEO	2022-04-26
0001666102-22-000006	1	Tianyuan Gu	Chairman	2022-04-29
0001851023-22-000002	1	David B Cooper	CFO/CTO	2022-04-29
0001665160-22-001272	1	Brent Zimmerman	CEO, CO-Founder, Principal Executive Officer and Manager,	2022-04-29
0001665160-22-001271	2	Ada Gurak	COO	2022-04-29
0001665160-22-001271	1	Denys Gurak	CEO	2022-04-29
0001665160-22-001271	3	Markian Silecky	Legal Counsel	2022-04-29
0001193125-22-133153	2	/s/ Jeffrey Heglie	Co-founder and Managing Member	2022-04-29
0001193125-22-133153	1	/s/ Mischelle Elkovich	Co-founder and Majority Managing Member	2022-04-29
0001665160-22-001268	1	George Douaire	President, CEO, Principal Executive Officer, Director, Principal Financial Officer, and Principal Accounting Officer	2022-04-29
0001665160-22-001268	2	Humsini Acharya	Director	2022-04-29
0001665160-22-001268	3	Andrew Plum	Director	2022-04-29
0001665160-22-001268	4	Timothy Visos-Ely	Director	2022-04-29
0001808830-22-000003	1	Parul Gujral	Chief Executive Officer, Director	2022-04-29
0001842944-22-000001	1	Lincoln Edwards	Principal	2022-04-29
0001806951-22-000002	1	Frank Cid	Sole Director & CEO	2022-04-29
0001808830-22-000001	1	Parul Gujral	Chief Executive Officer, Director	2022-04-29
0001874177-22-000001	1	Quan Zhang	Chief Executive Officer, Secretary and Sole Director	2022-04-29
0001799689-22-000002	4	Doug Young	Director	2022-04-21
0001799689-22-000002	3	Richard Noll	Director	2022-04-21
0001799689-22-000002	2	Tony DiBianca	Director	2022-04-21
0001799689-22-000002	1	Barbara Daliri Freyduni	Director	2022-04-22
0001766415-22-000004	1	Julianna Smoot	Director & Strategist	2022-04-29
0001766415-22-000004	2	Brian Spangle	Director & COO	2022-04-29
0001665160-22-001265	1	DeWayne Adamson	President, CEO, Co-Founder and Director	2022-04-29
0001665160-22-001263	4	Pam Hamlin	Director	2022-04-29
0001665160-22-001263	3	Tod A. Nestor	Director	2022-04-29
0001665160-22-001263	1	Pierre Rogers	CEO	2022-04-29
0001665160-22-001263	2	Joshua Leavitt	CFO	2022-04-29
0001815481-22-000003	1	Steven Michael Cadieux	Chief Executive Officer, President, Treasurer, Secretary, Director	2022-04-28
0001815481-22-000003	2	Yashar H Kafi	Chief Operating Officer	2022-04-28
0001193125-22-132959	5	/s/ Joel Worcester	Director	2022-04-29
0001193125-22-132959	4	/s/ Tyler McNie	Co-Chief Executive Officer and Director	2022-04-29
0001193125-22-132959	6	/s/ Paul Worcester	Director	2022-04-29
0001193125-22-132959	3	/s/ Cameron McNie	Co-Chief Executive Officer and Chairman of the Board	2022-04-29
0001193125-22-132959	2	/s/ Mike Zwonitzer	Interim Chief Financial Officer (Principal Financial Officer and Principal Accounting Officer)	2022-04-29
0001193125-22-132959	1	/s/ Scott Ford	President, Co-Chief Executive Officer and Director (Principal Executive Officer)	2022-04-29
0001856715-22-000003	3	Jamie Holt	COO	2022-04-29
0001856715-22-000003	2	Tom Leonard	Director	2022-04-29
0001856715-22-000003	1	Robert J. Selfridge	President & CEO	2022-04-29
0001736304-22-000001	4	Edward (Ned) McMahon	CEO, Principal Executive Officer and Director, Principal Financial Officer and Principal Accounting Officer	2022-04-29
0001736304-22-000001	3	Jerry Lang	Director	2022-04-29
0001736304-22-000001	2	Josh Franklin	COO & Director	2022-04-29
0001736304-22-000001	1	Christinia Marc	Director	2022-04-29
0001670254-22-000461	1	Eugene Fooksman	Board Member	2022-04-27
0001670254-22-000461	2	Dennis ONeill	President	2022-04-27
0001670254-22-000461	3	Maxim Mikheev	CEO / Chief Scientist	2022-04-27
0001665160-22-001260	4	Pam Hamlin	Director	2022-04-29
0001665160-22-001260	2	Joshua Leavitt	CFO	2022-04-29
0001665160-22-001260	3	Tod A. Nestor	Director	2022-04-29
0001665160-22-001260	1	Pierre Rogers	CEO	2022-04-29
0001837613-22-000012	2	Martha Crandall	Manager	2022-04-29
0001837613-22-000012	1	Maria Boustead	CEO, Member Manager	2022-04-29
0001809210-22-000001	1	Cory J. Linton	Director	2022-04-29
0001809210-22-000001	2	Lisa M. Samara	Director	2022-04-29
0001879942-22-000001	6	/s/ Paul Worcester	Director	2022-04-29
0001879942-22-000001	5	/s/ Joel Worcester	Director	2022-04-29
0001879942-22-000001	4	/s/ Tyler McNie	Co-Chief Executive Officer, Director	2022-04-29
0001879942-22-000001	3	/s/ Cameron McNie	Co-Chief Executive Officer, Chairman of the Board	2022-04-29
0001879942-22-000001	1	/s/ Scott Ford	President, Co-Chief Executive Officer and Director (Principal Executive Officer)	2022-04-29
0001879942-22-000001	2	/s/ Mike Zwonitzer	Interim Chief Financial Officer (Principal Financial Officer)	2022-04-29
0001837613-22-000011	1	Jaron Lukas	Manager	2022-04-29
0001837613-22-000011	2	Yo Sub Kwon	Manager	2022-04-29
0001837613-22-000011	3	Raymond Bailey	Manager	2022-04-29
0001769091-22-000001	1	/s/Tadayoshi Henry Yoshida	Director, Chief Executive Officer	2022-04-29
0001769091-22-000001	2	/s/Chris Palmisano	Director, Chief Revenue Officer, Chief Operating Officer	2022-04-29
0001852227-22-000003	1	Monique Crayton	Sole Member, CEO	2022-04-29
0001665160-22-001257	1	Joanne Chen	Director	2022-04-29
0001665160-22-001257	2	Robert Siegel	Director	2022-04-29
0001665160-22-001257	3	Lynn Heublein	Director	2022-04-29
0001665160-22-001257	4	Nathan Harding	CEO, Principal Executive Officer and Director, Principal Financial Officer and Principal Accounting Officer	2022-04-29
0001665160-22-001255	1	Ravi Sharma	CEO, Director, Principal Financial Officer	2022-04-29
0001665160-22-001255	3	Fadi Madanat	Director	2022-04-29
0001665160-22-001255	2	Amy Sharma	Director	2022-04-29
0001784144-22-000004	1	Elisabeth Polizzi Oertle	CEO	2022-04-29
0001746059-22-000178	1	Angela Morales	Owner	2022-04-29
0001669191-22-000466	2	Alan Rodriguez	Principal Financial Officer	2022-04-29
0001669191-22-000466	3	Alan Rodriguez	Principal Accounting Officer	2022-04-29
0001669191-22-000466	4	Alan Rodriguez	Board Member	2022-04-29
0001669191-22-000466	1	Alan Rodriguez	Principal Executive Officer	2022-04-29
0001746059-22-000177	1	Carl Richardson	Owner and Founder	2022-04-29
0001670254-22-000460	2	Dennis Maliani	CEO	2022-04-19
0001670254-22-000460	1	Luis Lopez	COO	2022-04-19
0001784144-22-000002	1	Elisabeth Polizzi Oertle	CEO	2022-04-29
0001665160-22-001252	1	Micah Truman	CEO and Director	2022-04-29
0001665160-22-001250	1	Ryan Burningham	Chief Executive Officer, Co-Founder and Director, Principal Financial Officer, and Principal Accounting Officer	2022-04-29
0001670254-22-000459	2	Philip Benjamin Howard	CTO	2022-04-25
0001670254-22-000459	3	Jonathan Evans	CEO - Chief Executive Officer	2022-04-25
0001670254-22-000459	1	Daniel Gizzi	CFO	2022-04-26
0001062993-22-011029	3	/s/ Sara Adler	Director	2022-04-29
0001062993-22-011029	2	/s/ Sarah Hardy	COO, Director	2022-04-29
0001062993-22-011029	1	/s/ Laura Hughes Modi	CEO, Director	2022-04-29
0001062993-22-011029	4	/s/ Carle Stenmark	Director	2022-04-29
0001062993-22-011029	5	/s/ Shannon Karches	VP of Finance	2022-04-29
0001837613-22-000009	1	Ravindra Singh	Director	2022-04-29
0001837613-22-000009	2	Anil Pereira	Director	2022-04-29
0001665160-22-001245	1	Jospeh Tota	President, CEO, Principal Executive Officer, Director, Principal Financial Officer and Principal Accounting Officer	2022-04-29
0001829126-22-009131	1	Jason Brown	Chief Executive Officer, Principal Financial Officer, Principal Accounting Officer, Director	2022-04-29
0001644600-22-000059	1	David Mitlyng	Chief Executive Officer, Principal Financial Officer, Principal Accounting Officer, Director	2022-04-29
0001644600-22-000059	2	Roger Yee	Director	2022-04-29
0001665160-22-001242	2	Robert James	CTO and Director	2022-04-29
0001665160-22-001242	3	Valentin Scinteie	Director	2022-04-29
0001665160-22-001242	1	Vasily Starostenko	Director	2022-04-29
0001889699-22-000001	4	/s/ Jay Moore	Chief Executive Officer and Manager of Issuer's Manager	2022-04-29
0001889699-22-000001	1	/s/ Lee James Parson	Manager of Issuer's Manager	2022-04-29
0001889699-22-000001	2	/s/ Matthew Lee Parsons	Manager of Issuer's Manager	2022-04-29
0001889699-22-000001	3	/s/ Jason Frazier	Manager of Issuer's Manager	2022-04-29
0001665160-22-001241	1	Gilbert Dunham	Director, Treasurer, Secretary, principal accounting officer	2022-04-29
0001665160-22-001241	2	Peter Kaufman	Director	2022-04-29
0001796599-22-000001	1	/s/ Jewel Zimmer	Director, CEO	2022-04-28
0001821328-22-000002	1	Michael Benatar	CEO	2022-04-29
0001821328-22-000002	2	Erin Mastopietro	Director	2022-04-29
0001792508-22-000001	1	Aliaksandr Bazhanau	Director, Treasurer, Secretary, Chief Technology Officer	2022-04-29
0001666102-22-000004	1	Tianyuan Gu	Chairman	2022-04-29
0001837613-22-000007	2	Lonnie Atkinson	COO, Director	2022-04-29
0001837613-22-000007	1	Clyde Harris	CFO, Director	2022-04-27
0001096906-22-000976	1	Matthew Sullivan	Chief Executive Officer	2022-04-29
0001665160-22-001238	1	Hugo Pakula	CEO	2022-04-29
0001665160-22-001235	1	Joseph Tota	Director	2022-04-29
0001666102-22-000003	1	Tianyuan Gu	Chairman	2022-04-29
0001837613-22-000005	1	Brooks Addington	Director	2022-04-28
0001665160-22-001233	2	Louise Anne Poirier	Principal Accounting Officer and Principal Financial Officer	2022-04-29
0001665160-22-001233	1	Connor O Brien	CEO and Director	2022-04-29
0001670254-22-000458	1	Victoria Nguyen	Lab Director	2022-04-28
0001670254-22-000458	3	Hiep-Hoa T Nguyen	President/CEO	2022-04-26
0001670254-22-000458	4	Marianne Nguyen	CHIEF BUSINESS OFFICER AND CO-FOUNDER	2022-04-26
0001670254-22-000458	2	Lorne J Mattner	Chief Operating Officer and Co-founder	2022-04-28
0001665160-22-001231	2	Andrea Giannini	CTO	2022-04-29
0001665160-22-001231	1	Guanhao Wu	CEO	2022-04-29
0001665160-22-001231	3	Ton Duong	President	2022-04-29
0001669191-22-000464	5	David Sterling	Board Member	2022-04-29
0001669191-22-000464	4	James Mulford	Board Member	2022-04-29
0001669191-22-000464	3	James Mulford	Principal Accounting Officer	2022-04-29
0001669191-22-000464	2	James Mulford	Principal Financial Officer	2022-04-29
0001669191-22-000464	1	James Mulford	Principal Executive Officer	2022-04-29
0001669191-22-000464	6	Roderick McLean	Board Member	2022-04-29
0001837613-22-000004	1	Jose Madariaga Michieli	Director	2022-04-28
0001837613-22-000004	2	Jorge Varela Dorbecker	Director	2022-04-28
0001665160-22-001229	1	Robert Rast	CEO, Principal Executive Officer and Director, Principal Financial Officer and Principal Accounting Officer	2022-04-29
0001665160-22-001228	1	Matthew Newman	President, CEO, Principal Executive Officer, Director, Principal Financial Officer and Principal Accounting Officer	2022-04-29
0001852227-22-000002	2	Jay Berglind	Director	2022-04-29
0001852227-22-000002	3	Dirk Lansbergen	Director	2022-04-29
0001852227-22-000002	1	Melanie Kahn	Director	2022-04-29
0001665160-22-001226	5	Suha Jhaveri	Director	2022-04-29
0001665160-22-001226	3	Stephanie Warrington	Director	2022-04-29
0001665160-22-001226	2	Kimberly Ramsey	CFO	2022-04-29
0001665160-22-001226	1	Weaver Gaines	CEO and Chairman of the Board of Directors	2022-04-29
0001665160-22-001226	4	Robert House	Director	2022-04-29
0001665160-22-001224	1	Garrett Olsen	CEO, CFO and Director	2022-04-29
0001665160-22-001224	3	Andy Kuklock	CMO and Director	2022-04-29
0001665160-22-001224	2	Jake Ryder	COO and Director	2022-04-29
0001665160-22-001223	1	Morgan Bierschenk	CEO, Principal Executive Officer and Director, Principal Financial Officer and Principal Accounting Officer of Geoship SPC	2022-04-29
0001837613-22-000003	6	Lianghai Bing	Director	2022-04-29
0001837613-22-000003	5	Dr. Baozhong Wang	Director	2022-04-29
0001837613-22-000003	4	Dr. Changhua Qiu	Director	2022-04-29
0001837613-22-000003	3	Dr. Raj Garg	Director	2022-04-29
0001837613-22-000003	1	Lutao Ning	Director	2022-04-29
0001837613-22-000003	2	Dr. Ruola Ning	Director	2022-04-29
0001837613-22-000002	1	Brian Durst	Director	2022-04-28
0001837613-22-000002	3	Abraham Kamarck	Director	2022-04-28
0001837613-22-000002	2	Steven Finn	Director	2022-04-28
0001837613-22-000002	4	Sheila Parekh Blum	Director	2022-04-28
0001665160-22-001220	1	Wayne Weber	CEO	2022-04-29
0001665160-22-001219	1	Matthew Newman	Founder, CEO, & Chairman	2022-04-29
0001665160-22-001215	3	Sam Liao	Director	2022-04-28
0001665160-22-001215	2	Carla Corkern	Director	2022-04-28
0001665160-22-001215	1	Stuart B Mitchell	CEO	2022-04-28
0001665160-22-001213	1	Lauren G. Maggio	CEO	2022-04-28
0001665160-22-001213	2	John Maggio	Treasurer & Director	2022-04-28
0001665160-22-001210	1	Maria Beltran	CPO	2022-04-29
0001665160-22-001210	2	Sylvain Joly	CDO	2022-04-29
0001665160-22-001210	3	Emilie Joly	CEO	2022-04-29
0001669191-22-000460	4	David Bartlett	Board Director	2020-09-14
0001669191-22-000460	3	Gerald Mills	Board Director	2020-09-14
0001669191-22-000460	2	Stephen Lehman	Board Director	2020-09-14
0001669191-22-000460	1	Cynthia Winning	Board Director	2020-09-14
0001670254-22-000457	2	Darcy Burner	CEO	2022-01-11
0001670254-22-000457	1	Jonathan S. Shapiro	President	2022-01-12
0001665160-22-001208	1	Emilie Joly	President, CEO, Principal Executive Officer, Director, Principal Financial Officer and Principal Accounting Officer	2022-04-29
0001794222-22-000003	1	Carlos Fernando Mendez	Chief Executive Officer	2022-04-29
0001855137-22-000001	1	Kelly Perkins	Director	2022-04-28
0001838915-22-000001	1	Shalini Vadhera	CEO & Sole Director	2022-04-26
0001665160-22-001206	1	Thomas Gauthier	President, CEO, Principal Executive Officer, Director, Principal Financial Officer and Principal Accounting Officer	2022-04-29
0001665160-22-001205	1	Peter Farmakis	CEO, Principal Executive Officer and Director, Principal Financial Officer and Principal Accounting Officer	2022-04-29
0001794222-22-000001	1	Scott Armstrong	Chief Executive Officer	2022-04-29
0001737679-22-000001	2	April Moss	Chief Customer Officer, Chief Operating Officer, and Director	2022-04-29
0001737679-22-000001	3	Maddy Rossobillo	Director	2022-04-29
0001737679-22-000001	1	Robert Salvador	Chief Executive Officer, Director	2022-04-29
0001837613-22-000001	3	James Offutt	Director	2022-04-27
0001837613-22-000001	4	Charlene Jackson	Director	2022-04-27
0001837613-22-000001	1	Robin Wilson	Director	2022-04-27
0001837613-22-000001	2	Nora Ryan	Director	2022-04-28
0001665160-22-001203	1	Hugo Pakula	President, CEO, Principal Executive Officer, Director, Principal Financial Officer and Principal Accounting Officer	2022-04-29
0001665160-22-001202	1	Robert Page	President	2022-04-29
0001665160-22-001200	1	Robert Page	President	2022-04-29
0001665160-22-001196	1	Megan Hayes	Co-Founder	2022-04-29
0001665160-22-001196	2	Kimberly Reilly	Co-Founder	2022-04-29
0001665160-22-001195	1	Andrew Glaze	CEO	2022-04-29
0001665160-22-001191	1	Randall Jones	President, CEO	2022-04-29
0001555127-22-000006	1	John R. (Grizz) Deal	CEO, Principal Executive Officer and Director	2022-04-28
0001555127-22-000006	3	John Michael (Michael) Bell	Director	2022-04-28
0001555127-22-000006	2	Randall (Randy) Wilson	CFO, Principal Financial Officer, Principal Accounting Officer and Director	2022-04-28
0001665160-22-001188	2	Roberto Guerrieri	Director & Lead Strategic Advisor	2022-04-29
0001665160-22-001188	4	Rob Dunaway	Secretary	2022-04-29
0001665160-22-001188	3	Stuart Francis	CRO	2022-04-29
0001665160-22-001188	1	Nicolas Guerrieri	CEO	2022-04-29
0001665160-22-001185	1	shakti jauhar	Co-Founder	2022-04-29
0001665160-22-001183	2	Roberto Guerrieri	Director, Lead Strategic Advisor	2022-04-29
0001665160-22-001183	1	Nicolas Guerrieri	Director, CEO, and CFO	2022-04-29
0001665160-22-001181	1	Jason Richards	CEO, Principal Executive Officer and Director, Principal Financial Officer and Principal Accounting Officer	2022-04-29
0001062993-22-011009	1	/s/ Laura Hughes Modi	CEO, Director	2022-04-29
0001062993-22-011009	2	/s/ Sarah Hardy	COO, Director	2022-04-29
0001062993-22-011009	3	/s/ Sara Adler	Director	2022-04-29
0001062993-22-011009	4	/s/ Carle Stenmark	Director	2022-04-29
0001062993-22-011009	5	/s/ Shannon Karches	VP of Finance	2022-04-29
0001923348-22-000002	5	Richard Reeve	Class M Member of MVManagement, LLC	2022-04-28
0001923348-22-000002	4	John Raymond	Class M Member of MVManagement, LLC	2022-04-28
0001923348-22-000002	3	Timothy Willie	Class M Member of MVManagement, LLC	2022-04-28
0001923348-22-000002	1	Christopher Sanders	Manager of MV Management, LLC	2022-04-28
0001923348-22-000002	2	Daniel Asbury	Class M Member of MVManagement, LLC	2022-04-28
0001793349-22-000001	1	Rashaan Everett	CEO	2022-04-28
0001062993-22-011007	4	/s/Eli Schick	Director	2022-04-28
0001062993-22-011007	3	/s/Alec Marshall	Director	2022-04-28
0001062993-22-011007	2	/s/Sabrina Kemeny	President and Director	2022-04-28
0001062993-22-011007	1	/s/Dovid Schick	CEO, Principal Executive Officer and Director, Principal Financial Officer and Principal Accounting Officer	2022-04-28
0001670254-22-000454	1	Ryan Kirkpatrick	Lead Investor	2022-04-27
0001665160-22-001140	1	Dawn Dickson	CEO	2022-04-28
0001665160-22-001154	1	Benjamin T. Cook	CEO	2022-04-28
0001665160-22-001154	2	Balamuralee Balaguru	CTO & Director	2022-04-28
0001665160-22-001152	1	Emil Nnani	CEO	2022-04-28
0001665160-22-001157	1	Finn Staber	CEO	2022-04-28
0001665160-22-001175	1	Christopher J. Faranetta	Co-Founder, Vice President and Director	2022-04-28
0001665160-22-001175	2	Randel E. Roy	Chief Executive Officer, Director, Principal Financial Officer and Principal Accounting Officer	2022-04-28
0001816011-22-000003	1	Joshua Bradley	Chief Technology Officer	2022-04-28
0001665160-22-001178	1	Betzalel M. Mendel Bassman	President & CEO	2022-04-28
0001665160-22-001178	2	Raymond Riek	Board Member	2022-04-28
0001665160-22-001176	1	Heather Feider	Principal Financial Officer and Principal Accounting Officer	2022-04-28
0001665160-22-001176	2	Dustin Feider	CEO, Principal Executive Officer and Director	2022-04-28
0001824158-22-000001	1	Jontae James	Director	2022-04-28
0001824158-22-000001	2	Daniel Fowkes	Director	2022-04-28
0001824158-22-000001	3	Kenneth Tallo	Director	2022-04-28
0001824158-22-000001	4	Paul Bush	Director	2022-04-28
0001871551-22-000001	1	James Murphy	Director	2022-04-28
0001871551-22-000001	2	Robb Wolf	Director	2022-04-28
0001665160-22-001173	1	Arek Reeder	CEO & Founder	2022-04-28
0001665160-22-001173	2	Celine Ikeler	CMO & Founder	2022-04-28
0001665160-22-001174	1	Mary Gardner	CEO, Director/Board Member, Principal Financial Officer	2022-04-28
0001665160-22-001174	2	Daniel Bradbury	Board Director	2022-04-28
0001665160-22-001170	1	James Bradley Sund, Sr.	CEO, Principal Executive Officer and Director, Principal Financial Officer and Principal Accounting Officer	2022-04-28
0001816011-22-000002	1	Joshua Bradley	Chief Technology Officer	2022-04-28
0001665160-22-001172	1	Jake Benford	Co-Founder, CMO and Board Member	2022-04-28
0001665160-22-001172	2	Bob Simpson	Board Member	2022-04-28
0001665160-22-001172	3	Robert Lerner	CFO	2022-04-28
0001665160-22-001146	1	Doron Merdinger	CEO	2022-04-28
0001670254-22-000456	1	Rachel Mastrangelo	Vice President	2022-04-27
0001670254-22-000456	2	Don Mastrangelo	Founder | CEO	2022-04-27
0001665160-22-001164	1	Russell Smith	CEO, Principal Executive Officer and Director, Principal Financial Officer, Principal Accounting Officer	2022-04-28
0001866215-22-000002	1	Faiez Rana	Manager	2022-04-28
0001866215-22-000002	2	Heather Emerson	Manager	2022-04-28
0001665160-22-001165	1	/s/ Earle T. Holsapple	CEO, President, Manager and Co-founder	2022-04-28
0001665160-22-001162	1	Dr. Ahmad Glover	CEO & Founder	2022-04-28
0001866215-22-000001	1	Faiez Rana	Manager	2022-04-28
0001866215-22-000001	2	Heather Emerson	Manager	2022-04-28
0001665160-22-001166	1	Andrew Stumpf	CFO	2022-04-28
0001880827-22-000006	1	Sean Jones	Managing Member	2022-04-28
0001665160-22-001169	1	Stephen Parry	Director	2022-04-28
0001665160-22-001169	2	W. Richard Laton	Director	2022-04-28
0001812192-22-000001	1	/s/ Terence Clark	CEO	2022-04-27
0001924885-22-000001	1	Christine Ha	Managing Member	2022-04-28
0001924885-22-000001	2	John Suh	Managing Member	2022-04-28
0001665160-22-001143	1	Greg Johnson	President & CEO	2022-04-28
0001924885-22-000003	1	Tony Nguyen	Managing Member	2022-04-28
0001924885-22-000003	2	Christine Ha	Managing Member	2022-04-28
0001924885-22-000003	3	John Suh	Managing Member	2022-04-28
0001478263-22-000004	1	Bryan Pate	Co-President	2022-04-28
0001478263-22-000004	2	Brent Teal	Co-President	2022-04-28
0001670254-22-000455	1	Marsha J. Moore	Secretary	2022-04-08
0001670254-22-000455	2	Cheryl Moore	Treasurer	2022-04-08
0001670254-22-000455	3	Christopher Moore	President / CEO	2022-04-08
0001670254-22-000454	2	Brad Price	Founder & CEO	2022-04-27
0001665160-22-001135	3	Bobby Hulter	Secretary	2022-04-28
0001665160-22-001135	2	David Adams	Treasurer	2022-04-28
0001665160-22-001135	1	Joshua Resnick	CEO, CTO, President and Director	2022-04-28
0001665160-22-001136	2	Anton Steenman	Director	2022-04-28
0001665160-22-001136	1	Jodi Deros	Principal Accounting Officer	2022-04-28
0001665160-22-001130	1	Betsy L. Ehrenberg	President, CEO and Director	2022-04-28
0001665160-22-001130	2	Andrew Levy	General Counsel and Director	2022-04-28
0001653214-22-000009	4	Francis G. Johnson	Director	2022-04-28
0001653214-22-000009	1	A. Dale Mayo	Chairman of the Board, Interim CEO, and CFO	2022-04-28
0001653214-22-000009	3	Jim Van Law	Chief Revenue Officer and President, Director	2022-04-28
0001653214-22-000009	2	Warren Colodner	Director, EVP and General Counsel	2022-04-28
0001665160-22-001127	1	Louise Anne Poirier	CFO	2022-04-28
0001665160-22-001127	2	Connor O'Brien	President & CEO	2022-04-28
0001926086-22-000001	1	/s/ Lars Weimer	President	2022-04-25
0001822029-22-000001	1	roger soffer	CEO	2022-04-28
0001665160-22-001124	1	Robert A Goddard	Chairman, Chief Executive Officer, President, Principal Financial Officer, Principal Accounting Officer & Director	2022-04-28
0001670254-22-000453	1	Adam von Gootkin	Co-Founder & CEO	2022-04-28
0001665160-22-001121	2	Nipun Patel	Director	2022-04-28
0001665160-22-001121	1	Jodi Deros	Director	2022-04-28
0001665160-22-001119	1	Lisa Strain	Chief Executive Officer	2022-04-28
0001670254-22-000452	1	Jason Feucht	CIO	2022-04-26
0001670254-22-000452	2	Erica L Feucht	CEO	2022-04-26
0001713167-22-000001	1	Emmanuel Saint-Martin	CEO	2022-04-28
0001665160-22-001117	1	Steven E. Curd	CEO and President	2022-04-28
0001665160-22-001114	1	Justin Lee	CEO	2022-04-28
0001670254-22-000451	2	Sabrina Kemeny	President	2022-04-27
0001670254-22-000451	3	R. Alec Marshall	Board Member	2022-04-26
0001670254-22-000451	4	Dovid Schick	CEO and Co-Founder	2022-04-26
0001670254-22-000451	1	Eli Schick	Board Member	2022-04-27
0001871262-22-000002	1	Charles Schaffer	President	2022-04-28
0001871262-22-000001	1	Charles Schaffer	President	2022-04-28
0001669191-22-000453	1	Ray Fares	Board Director	2021-03-26
0001665160-22-001111	1	Nelson Zambrana	CEO	2022-04-28
0001877724-22-000003	1	Joseph Reinke	Director and Chief Executive Officer	2022-04-28
0001877724-22-000003	2	Robert Heldt	Director	2022-04-28
0001877724-22-000003	3	Sam Pilli	Director	2022-04-28
0001702784-22-000004	1	John Mullin	Founder / CEO	2022-04-28
0001665160-22-001109	2	Charles Fisher	CFO and Director	2022-04-28
0001665160-22-001109	1	Kelly Roman	CEO and Director	2022-04-28
0001665160-22-001107	1	Ethan Blount	CEO	2022-04-28
0001669191-22-000451	2	Mark Kammerer	Board Director	2021-07-22
0001669191-22-000451	1	Eric Weaver	Board Director	2021-07-22
0001665160-22-001106	1	Kelly Roman	CEO and Director	2022-04-28
0001665160-22-001106	2	Charles Fisher	CFO and Director	2022-04-28
0001665160-22-001103	1	Mason Burnett	Chief Operating Officer and Director	2022-04-28
0001713695-22-000005	1	/s/ Frederick Lizza	CEO	2022-04-28
0001746059-22-000176	1	Thomas Johnson	Owner and CoFounder	2022-04-28
0001649856-22-000001	1	Edward Hopper	CEO	2022-04-27
0001622824-22-000003	1	Robert O. Wray, Jr.	CEO	2022-04-28
0001665160-22-001101	2	Jamie Castle	CFO	2022-04-28
0001665160-22-001101	1	Jason Deese	Founder/CEO	2022-04-28
0001709539-22-000001	1	Gary Fleishman	President	2021-05-04
0001761537-22-000001	3	Sean Blankenship	CPO and Director	2022-04-28
0001761537-22-000001	2	Geoff Murphy	CEO and Director	2022-04-28
0001761537-22-000001	4	Jeff Smith	Director	2022-04-28
0001761537-22-000001	1	Peter Blankenship	President and Director	2022-04-28
0001669191-22-000449	3	Russell Schindler Date	Board Director	2020-08-20
0001669191-22-000449	1	Eric Bergsma	Board Director	2020-08-20
0001669191-22-000449	2	Erik Johnson	Board Director	2020-08-20
0001213900-22-022246	5	/s/ Steven Himmel	Director	2022-04-27
0001213900-22-022246	4	/s/ Denise Lambertson	Director	2022-04-27
0001213900-22-022246	1	/s/ Matthew Feldman	Director	2022-04-26
0001213900-22-022246	3	/s/ Steven Finn	Director	2022-04-27
0001213900-22-022246	2	/s/ Melissa Facchina	Director	2022-04-26
0001665160-22-001099	3	Sam Liao	Director	2022-04-28
0001665160-22-001099	2	Carla Corkern	Director	2022-04-28
0001665160-22-001099	1	Stuart Mitchell	CEO, Chairman, President, CTO	2022-04-28
0001823177-22-000002	1	Jenna Hua	CEO, President	2022-04-28
0001665160-22-001096	1	Christopher Kennedy	Director/Secretary/Treasurer	2022-04-28
0001665160-22-001096	2	Daren Houghtaling	President, CEO & DIRECTOR	2022-04-28
0001665160-22-001093	2	James Castle	CFO, Principal Financial Officer	2022-04-28
0001665160-22-001093	1	Jason Deese	CEO, Principal Executive Officer and Director	2022-04-28
0001665160-22-001091	1	Aaron Walls	CEO	2022-04-28
0001665160-22-001089	1	Sal Rafanelli	President and CEO	2022-04-28
0001665160-22-001089	2	Todd Krasinsky	Chief Strategy Officer and Director	2022-04-28
0001665160-22-001089	3	Joseph C Bissonnette	Chief Financial Officer and Principle Accounting Officer	2022-04-28
0001858421-22-000002	1	Brian Schardt	Director	2022-04-28
0001897387-22-000003	1	Shubhra Sharma	Director	2022-04-28
0001897387-22-000002	1	Shubhra Sharma	Director	2022-04-28
0001665160-22-001086	1	SEBASTIEN GADDINI	PRESIDENT	2022-04-28
0001811447-22-000004	2	Michael LaLuna	Director	2022-04-28
0001811447-22-000004	1	Robert Garland	Director	2022-04-28
0001665160-22-001084	1	Chris James	CEO, Principal Executive Officer and Director, Principal Financial Officer and Principal Accounting Officer	2022-04-28
0001857219-22-000004	1	Andrew Rosenberg	Founder and CEO	2022-04-28
0001746059-22-000175	1	Sarah Holland	Owner and CoFounder	2022-04-28
0001665160-22-001080	1	Chris James	CEO, Principal Executive Officer and Director, Principal Financial Officer and Principal Accounting Officer	2022-04-27
0001811447-22-000003	1	Tobias Martens	Director	2022-04-28
0001811447-22-000002	1	Tobias Martens	Director	2022-04-28
0001875492-22-000003	1	Apoorva Chintala	CEO, Director	2022-04-28
0001864902-22-000001	1	Charles Schaffer	Control Member	2022-04-28
0001665160-22-001078	1	Jake Benford	Co-Founder, CMO and Board Member	2022-04-28
0001665160-22-001078	2	Bob Simpson	Board Member	2022-04-28
0001665160-22-001078	3	Robert Lerner	CFO	2022-04-28
0001665160-22-001077	1	Arek Reeder	CEO, CFO, and Founder	2022-04-28
0001665160-22-001077	2	Celine Ikeler	CMO, CPO, President, Chairman of the Board, and Founder	2022-04-28
0001669191-22-000443	2	Kyle Fitzpatrick	Board Director	2020-11-04
0001669191-22-000443	3	Ryan Gresh	Board Director	2020-11-04
0001669191-22-000443	1	CJ Forse	Board Director	2020-11-04
0001665160-22-001074	2	Petra Wood	Director, Vice President, Head of Growth, Chief Operating Officer, and Secretary	2022-04-27
0001665160-22-001074	1	Paul Sieradzki	Director, Treasurer, Head of Product, Chief Executive Officer, and President	2022-04-27
0001659586-22-000002	1	Starling Childs	President, CEO	2022-04-28
0001835500-22-000001	1	John LaRose Jr.	Vice Chairman of the Board / President	2022-04-28
0001213900-22-022185	1	/s/ Balakrishnan Nair	President and CEO	2022-04-28
0001665160-22-001072	1	Christopher J. Faranetta	Co-Founder, Vice President and Director	2022-04-28
0001665160-22-001072	2	Randel E. Roy	Chief Executive Officer, Director, Principal Financial Officer and Principal Accounting Officer	2022-04-28
0001665160-22-001071	2	Balamuralee Balaguru	CTO and Director	2022-04-28
0001665160-22-001071	1	Benjamin Cook	CEO and President	2022-04-28
0001665160-22-001067	1	Brian Gannon	CEO and Principal Financial Officer	2022-04-28
0001665160-22-001067	2	Brad O'Neil	Director	2022-04-28
0001665160-22-001065	2	Brad O'Neil	Director	2022-04-28
0001665160-22-001065	1	Brian Gannon	CEO and Principal Financial Officer	2022-04-28
0001780909-22-000001	1	Joe Malone	C--Founder and Director of  Business Development	2022-04-28
0001875492-22-000002	1	Jeffrey Shiring	Managing Member	2022-04-28
0001744818-22-000006	1	Jason Calacanis	Chief Executive Officer	2022-04-28
0001665160-22-001062	1	Pramod B Raheja	CEO	2022-04-28
0001893079-22-000005	1	Heather Lorraine Dawson	Chief Executive Officer and Director	2022-04-28
0001669191-22-000441	2	Kathyrn Smith	Board Director	2021-03-03
0001669191-22-000441	3	John Adamson	Board Director	2021-03-03
0001669191-22-000441	1	Catherine Bryant	Board Director	2021-03-03
0001773255-22-000006	1	Eshwar Inapuri	President	2022-04-28
0001773255-22-000006	2	Anup Singh	Secretary	2022-04-28
0001773255-22-000005	2	Anup Singh	Secretary	2022-04-28
0001773255-22-000005	1	Eshwar Inapuri	President	2022-04-28
0001736388-22-000001	1	/s/ Paul Sieradzki	President, Chief Executive Officer, Treasurer, Director	2022-04-28
0001736388-22-000001	2	/s/ Petra Wood	Vice President, Secretary, Chief Operating Officer, Director	2022-04-28
0001665160-22-001060	1	David Obasiolu	CEO, Principal Executive Officer and Director, Principal Financial Officer and Principal Accounting Officer	2022-04-28
0001665160-22-001059	1	Peter Farmakis	CEO, Principal Executive Officer and Director, Principal Financial Officer and Principal Accounting Officer	2022-04-28
0001670254-22-000425	5	Simon Melov	CEO	2022-04-05
0001670254-22-000429	1	Alyssa Martinez Neumann	Communications	2022-03-25
0001670254-22-000429	2	Phil Neumann	CEO & Co-Founder	2022-03-21
0001670254-22-000426	1	Paul Drobot	Chief Revenue Officer	2021-07-26
0001670254-22-000426	2	Francis Xavier Helgesen	Board Member	2021-07-26
0001670254-22-000426	3	Daniel Page	VP, Operations	2021-07-26
0001670254-22-000426	4	Vsevolod Kozinsky	Board Member	2021-07-26
0001670254-22-000426	5	KJ Erickson	UpCounsel CEO	2021-07-26
0001670254-22-000431	1	Yousef A	Founder	2022-03-25
0001670254-22-000434	1	Sara Moll	Founder & CEO	2022-04-26
0001665160-22-001042	1	JD Claridge	President, CEO, Principal Executive Officer, Director, Principal Financial Officer and Principal Accounting Officer	2022-04-27
0001665160-22-001042	2	Ben Toews	Director	2022-04-27
0001670254-22-000432	1	Kenneth Mooso	CEO	2022-03-03
0001670254-22-000450	4	Eric Nwaubani	Director	2022-04-06
0001670254-22-000450	5	Cynthia Chioma NWAUBANI	Chief Executive Officer	2022-04-06
0001665160-22-001057	1	Elisabeth Gritsch	CEO, President and Director	2022-04-27
0001665160-22-001057	2	Travis King	CFO & Director	2022-04-27
0001213900-22-022080	1	/s/ Scott Armstrong	Director	2022-04-27
0001213900-22-022080	2	/s/ Ryan Armstrong	Director	2022-04-27
0001670254-22-000433	1	Joshua Foreman	Board Member	2022-03-19
0001670254-22-000433	2	Ryan McCredie	Board member	2022-03-17
0001670254-22-000433	3	Tawn Miller	Board Members	2022-03-17
0001670254-22-000433	4	Megan Blythe	Sustainability Officer	2022-03-17
0001670254-22-000433	5	Kenneth Faria	Board Member	2022-03-17
0001670254-22-000433	6	Dr. Sean Dixon	CEO	2022-03-17
0001665160-22-001043	1	James Lockhart	Board Member	2022-04-27
0001857219-22-000002	1	Andrew Rosenberg	Founder and CEO	2022-04-27
0001665160-22-001050	1	Richard Geisenfeld	CEO and Director	2022-04-27
0001665160-22-001050	2	Michael Kesner	CTO/CFO/DIR/SEC	2022-04-27
0001670254-22-000435	1	Riley Knox	CEO	2022-04-13
0001665160-22-001048	1	Richard Geisenfeld	CEO and Director	2022-04-27
0001665160-22-001048	2	Michael Kesner	CTO/CFO/DIR/SEC	2022-04-27
0001857219-22-000003	1	Robert Garland	Director	2022-04-27
0001857219-22-000003	2	Michael LaLuna	Director	2022-04-27
0000891839-22-000005	1	/s/ Isabelle Steichen	President and Director	2022-04-27
0000891839-22-000005	2	/s/ Alexandra Dempster	Secretary and Director	2022-04-27
0000891839-22-000005	3	Heather Hartnett	Director	2022-04-27
0001670254-22-000436	1	Anna Matilde Tanga	Secretary	2022-04-26
0001670254-22-000443	1	Brent Rivard	CFO	2022-04-08
0001670254-22-000443	2	Jonathan Spangler	CEO and Founder	2022-04-08
0001670254-22-000441	1	Laura L Tezza	Co-Founder/Director of Operations	2022-04-26
0001670254-22-000441	2	Pj Tezza	Co-Founder/CEO	2022-04-26
0001670254-22-000439	1	Kurt Junge	Director	2022-04-12
0001670254-22-000439	2	Rafael Saavedra	CTO	2022-04-11
0001670254-22-000439	3	Andrea Junge	Director	2022-04-11
0001670254-22-000439	4	Jason Junge	CEO	2022-04-11
0001670254-22-000449	1	Danielle C Morton	Vice President	2022-04-04
0001670254-22-000449	2	Chris Corriveau	CTO	2022-04-01
0001670254-22-000449	3	Dan Morton	CEO & Co-Founder	2022-04-01
0001805525-22-000004	1	Sajil Koroth	Chief Executive Officer	2022-04-27
0001665160-22-001029	1	Allen Witters	CEO	2022-04-27
0001670254-22-000413	1	Edward Holzinger	CTO and Co-Founder	2022-02-28
0001670254-22-000413	2	Clayton James	Director	2022-02-27
0001670254-22-000413	3	Maxwell Wieder	CEO and Co-Founder	2022-02-27
0001670254-22-000414	1	Marion C Seward	Board member/Veterinary Advisor	2022-03-11
0001670254-22-000414	2	Pavel Stepanov	Director	2022-02-24
0001670254-22-000414	3	Irving Weinberg	Founder/Secretary	2022-02-24
0001670254-22-000415	1	John Limb	Managing Member	2022-04-27
0001670254-22-000415	2	Alice Jun	Founder & Brewer	2022-04-27
0001670254-22-000419	1	Terrence Jon Quinn	COO	2022-04-12
0001670254-22-000419	2	Ben O'Hanlan	CTO	2022-04-12
0001670254-22-000419	3	Robert Sweetman	Founder & CEO	2022-04-11
0001670254-22-000417	1	William Wall	Co-founder & CTO	2022-04-26
0001670254-22-000417	2	Tim Milazzo	Co-founder & CEO	2022-04-26
0001670254-22-000420	1	Amir Fassihi	Founder and CEO	2022-03-24
0001670254-22-000416	1	Craig Lewis Bond	Chairman	2022-04-27
0001670254-22-000416	2	John Paul Rollert	Envel Board of Directors	2022-04-26
0001670254-22-000416	3	James Schleckser	CEO and Board Member	2022-04-25
0001670254-22-000416	4	Ian Michael Baxter	Board Member	2022-04-25
0001670254-22-000416	5	Stephen Le Roux	President	2022-04-25
0001670254-22-000416	6	Matthew Armandi	Chief Financial Officer	2022-04-25
0001670254-22-000450	1	Charles C. Mbata	Mr	2022-04-10
0001670254-22-000450	2	Donald McClure	CFO	2022-04-06
0001670254-22-000450	3	Daphne B. Latimore	Board Chair	2022-04-06
0001670254-22-000436	2	Brian Bristol	Founder & CTO	2022-04-21
0001665160-22-001054	1	John Patrick Atanasio, Sr.	Chairman & CEO	2022-04-27
0001665160-22-001053	1	Stephen Parry	Director	2022-04-27
0001665160-22-001053	2	W. Richard Laton	Director	2022-04-27
0001670254-22-000438	1	Bradley schultz	CMO	2022-04-27
0001670254-22-000438	2	Matthew Meehan	Board of Directors	2022-04-27
0001670254-22-000438	3	Aimy Steadman	Co-Founder & COO	2022-04-27
0001670254-22-000438	4	Justin Fenchel	Co-Founder & CEO	2022-04-27
0001670254-22-000444	1	Elizabeth Bochner	Co-Founder	2022-04-08
0001670254-22-000444	2	Thomas Fanelli	Co-Founder/CEO	2022-04-08
0001665160-22-001034	1	Saroosh Gull	CEO	2022-04-27
0001670254-22-000421	1	dennis ketcham	Head of sales	2022-04-17
0001670254-22-000421	2	Zachary Schlossberg	CEO & Product Developer	2022-04-15
0001670254-22-000424	1	Connor Broughton	CMO	2022-04-09
0001670254-22-000424	2	Alexander Mikaele Griffin Chuck	CFO & Co-Founder	2022-04-08
0001670254-22-000424	3	Marinus Dijkstra	CEO & Co-Founder	2022-04-08
0001670254-22-000422	1	Jonathan Flynn	CRO	2022-04-14
0001670254-22-000422	2	Zachary David Hoff	CTO	2022-04-13
0001670254-22-000422	3	Alexander Cohen	COO	2022-04-08
0001670254-22-000422	4	David Lauer	CEO	2022-04-08
0001665160-22-001036	1	JD Claridge	President, CEO, Principal Executive Officer, Director, Principal Financial Officer and Principal Accounting Officer	2022-04-27
0001665160-22-001036	2	Ben Toews	Director	2022-04-27
0001665160-22-001038	1	Nicolas Billaud	co-CEO	2022-04-27
0001670254-22-000427	1	Susanne Fortunato	Founder	2022-03-11
0001670254-22-000425	1	Gordon J. Lithgow	Fellow	2022-04-14
0001670254-22-000425	2	Simon Melov	CEO	2022-04-10
0001670254-22-000425	3	Edward Lanphier	Director	2022-04-10
0001670254-22-000425	4	Mark Lucanic	CTO	2022-04-10
0001911152-22-000003	1	/s/ Jonathan Gosier	CEO	2022-04-27
0001669191-22-000439	1	Kenny Gallagher	Board Director	2020-01-28
0001669191-22-000439	2	Karl Doenges	Board Director	2020-01-28
0001670254-22-000412	3	Ken Lewis	Vice President	2022-04-18
0001670254-22-000412	4	Erik Forman	President	2022-04-18
0001670254-22-000412	1	Mohammad Hossen	Board of Director's And Company Secretary	2022-04-27
0001670254-22-000412	2	Stephen Sleigh	Director	2022-04-25
0001665160-22-001025	1	Daniel Davis	VP of RandD, Co-Founder, and Director	2022-04-27
0001665160-22-001025	2	Tom Tefft	Director	2022-04-27
0001665160-22-001025	4	George Arida	Chief Financial Officer, Chief Operating Officer and Director	2022-04-27
0001665160-22-001025	5	Curt Christensen	Vice President of  Manufacturing, Cofounder, and Director	2022-04-27
0001665160-22-001025	3	Kim Mageau	Vice Chair of the Board of Directors	2022-04-27
0001665160-22-001026	2	Raymond Riek	Board Member	2022-04-27
0001665160-22-001026	1	Mendel Bassman	President and CEO	2022-04-27
0001670254-22-000411	1	Douglas McCright	President and Co-Founder	2022-04-26
0001670254-22-000411	2	Matthew Andelman	CEO & Co-Founder	2022-04-26
0001894944-22-000003	1	Justin Giuffrida	Co-Founder; Co-Manager	2022-04-27
0001894944-22-000003	2	Andrew Geisel	Co-Founder; Co-Manager	2022-04-27
0001634025-22-000002	2	Mont Handley	Director	2022-04-25
0001634025-22-000002	1	Brian Scott	CEO & Director	2022-04-25
0001634025-22-000002	3	David Lilly	Director	2022-04-25
0001634025-22-000002	4	Carl Nicolia	Director	2022-04-25
0001860270-22-000006	1	Danielle Goss	Governor	2022-04-27
0001860270-22-000006	2	Nathaniel Goss	Governor	2022-04-27
0001899900-22-000002	1	/s/ Lynne Koenigsberg	President	2022-04-27
0001665160-22-001019	1	Ryan Burningham	Chief Executive Officer, Co-Founder and Director, Principal Financial Officer, and Principal Accounting Officer	2022-04-27
0001665160-22-001018	1	DeWayne Adamson	President, CEO, Co-Founder and Director	2022-04-27
0001670254-22-000410	2	Jay Moore	Director	2022-03-31
0001670254-22-000410	3	Miles Carroll	COO	2022-03-31
0001670254-22-000410	1	Matthew Parsons	director	2022-03-31
0001665160-22-001013	1	Ryan Burningham	CEO	2022-04-27
0001665160-22-001012	1	Lauren Maggio	CEO, President, and Director	2022-04-27
0001665160-22-001012	2	John Maggio	Treasurer and Director	2022-04-27
0001665160-22-001004	1	James Rhodes	CEO, Director, Principal Financial Officer and Principal Accounting Officer	2022-04-27
0001665160-22-001004	2	Edward Shergalis	Director	2022-04-27
0001665160-22-001002	3	Jamel Lewis	Director	2022-04-27
0001665160-22-001002	2	Charles Alexander	Principal Accounting Officer	2022-04-27
0001665160-22-001002	1	Mark Edmond	CEO	2022-04-27
0001670254-22-000406	2	Leslie White	CEO and Head Brewer	2022-04-22
0001670254-22-000406	1	Trevor Cheyne	Director of Sales and Distribution	2022-04-26
0001665160-22-000998	2	Thomas Dorwart	Legal	2022-04-27
0001665160-22-000998	3	Suzanne Wilson	Secretary	2022-04-27
0001665160-22-000998	1	Travis Matthew Siflinger	Founder & CEO	2022-04-27
0001829703-22-000001	1	Tyler Allen Wakstein	Director	2022-04-27
0001829703-22-000001	3	Ryan Bobik	Director	2022-04-27
0001829703-22-000001	2	Kristoffer Bjornerud	Director	2022-04-27
0001665160-22-000993	2	Peter Durand	CEO & Director	2022-04-27
0001665160-22-000993	1	Todd D. Wiebusch	Director	2022-04-27
0001665160-22-000993	3	Alan J. Zdyb	Director	2022-04-27
0001824984-22-000001	1	Zachary House	CEO	2022-04-27
0001665160-22-000990	1	Nathaniel Clark	CEO, Principal Executive Officer and Director, Principal Financial Officer, Principal Accounting Officer and Chairman	2022-04-27
0001665160-22-000989	1	Claudio Randal Serafini	President, CEO, Principal Executive Officer, Director, Principal Financial Officer and Principal Accounting Officer	2022-04-27
0001887265-22-000003	1	Adeel Yang	Sole Director	2022-04-27
0001665160-22-000985	3	Todd D. Wiebusch	Director	2022-04-27
0001665160-22-000985	2	Alan J. Zdyb	Director	2022-04-27
0001665160-22-000985	1	Peter Durand	CEO and Director	2022-04-27
0001702784-22-000002	1	John Mullin	CEO	2022-04-27
0001665160-22-000983	1	Dan Martinez	President, CEO, Principal Executive Officer, Director, Principal Financial Officer and Principal Accounting Officer	2022-04-27
0001665160-22-000981	1	William C. Peterson	CEO	2022-04-27
0001665160-22-000981	2	Gus Bateas	EVP and COO	2022-04-27
0001669191-22-000437	2	Robert Waterman	Principal Financial Officer	2022-04-27
0001669191-22-000437	3	Robert Waterman	Principal Accounting Officer	2022-04-27
0001669191-22-000437	4	Robert Waterman	Board Member	2022-04-27
0001669191-22-000437	1	Robert Waterman	Principal Executive Officer	2022-04-27
0001665160-22-000978	1	Charles Sutera III	Chief Executive Officer and Director	2022-04-27
0001665160-22-000978	2	Janna Melzer Sutera	Chief Clinical Officer and Director	2022-04-27
0001860270-22-000005	1	Gregory LoPiccolo	Director	2022-04-27
0001670254-22-000404	3	Nageswar Bijivemula	CEO at Beetexting	2022-04-26
0001670254-22-000404	2	Michael Somers	COO	2022-04-26
0001670254-22-000404	1	Jacob Davis	COO	2022-04-26
0001665160-22-000975	1	Nicholas Cranny	Controller	2022-04-27
0001665160-22-000973	1	Ethan Blount	CEO	2022-04-27
0001665160-22-000971	1	Janna Melzer Sutera	Chief Clinical Officer and Director	2022-04-27
0001665160-22-000971	2	Charles Sutera III	Chief Executive Officer and Director	2022-04-27
0001887265-22-000002	1	Tyler Stuart	Director	2022-04-27
0001887265-22-000002	2	John Krosky	Director	2022-04-27
0001860270-22-000004	2	Russell Gong	Director	2022-04-27
0001860270-22-000004	1	Achal Patel	Director	2022-04-27
0001665160-22-000969	1	Emmet O'Brien	CEO	2022-04-27
0001644600-22-000057	1	R. Matt Villarreal	Chief Executive Officer and Director	2022-04-27
0001846988-22-000004	2	Michael Puscar	Director	2022-04-27
0001846988-22-000004	1	Cameron Madani	Director	2022-04-27
0001816547-22-000005	2	Guillaume Torche	Chief Technology Officer, Director	2022-04-27
0001816547-22-000005	3	Mario Lazaro	Chief Information Officer, Director	2022-04-27
0001816547-22-000005	1	Alex Wang	Chief Executive Officer, Director	2022-04-27
0001880038-22-000002	1	Mickal Adler	CEO	2022-04-27
0001816547-22-000004	2	Guillaume Torche	Chief Technology Officer, Director	2022-04-27
0001816547-22-000004	1	Alex Wang	Chief Executive Officer and Director	2022-04-27
0001816547-22-000004	3	Mario Lazaro	Chief Information Officer, Director	2022-04-27
0001665160-22-000963	1	Todd Zaroban	CEO	2022-04-27
0001665160-22-000961	1	Thomas Burns	CEO, Principal Executive Officer and Director, Principal Financial Officer and Principal Accounting Officer	2022-04-27
0001665160-22-000958	1	Tamar L. Blue	CEO	2022-04-27
0001665160-22-000957	1	Mayank Agrawal	CEO	2022-04-27
0001831877-22-000002	1	Ryan Powell	Director	2022-04-27
0001831877-22-000002	2	Onur Unal	Director	2022-04-27
0001493152-22-011305	1	/s/ Sally Outlaw	Chief Executive Officer and Director	2022-04-27
0001493152-22-011305	2	/s/ Alan Jacobs	Director	2022-04-27
0001493152-22-011305	3	/s/ Stefanie Crowe	Director	2022-04-27
0001816547-22-000003	2	Nathaniel Goldhaber	Director	2022-04-27
0001816547-22-000003	1	Benjamin Goldhaber	Chief Executive Officer and Director	2022-04-27
0001816547-22-000003	3	Alex Poon	Director	2022-04-27
0001665160-22-000951	2	Alex Diggins	CTO	2022-04-26
0001665160-22-000951	1	Matt Jerrild	CFO	2022-04-26
0001665160-22-000951	3	William F Diggins	Chairman	2022-04-26
0001831877-22-000001	1	DeShuna Spencer	Sole Director	2022-04-27
0001665160-22-000949	1	Kirill Gichunts	CEO	2022-04-26
0001665160-22-000946	1	Matthew Eau Claire	CEO	2022-04-27
0001746059-22-000174	1	Charlotte Troy	CEO	2022-04-27
0001665160-22-000943	1	Douglas Kihm	CEO	2022-04-27
0001665160-22-000943	2	Lloyd Stewart	CFO, Director	2022-04-27
0001665160-22-000941	1	Alma E Lebron	Director of Finance & Operations	2022-04-26
0001665160-22-000938	1	Lloyd Stewart	CFO, Director	2022-04-27
0001665160-22-000938	3	Douglas Kihm	CEO, Director	2022-04-27
0001665160-22-000938	2	Lloyd Brown	Director	2022-04-27
0001665160-22-000937	1	Behshad Jamshahi	CEO	2022-04-27
0001665160-22-000934	1	Robert Peck	Chief Executive Officer	2022-04-27
0001665160-22-000929	1	Joanne Rodriguez	President	2022-04-27
0001665160-22-000928	1	Behshad (Ben) Jamshahi	CEO, Principal Executive Officer and Director, Principal Financial Officer and Principal Accounting Officer	2022-04-27
0001794960-22-000002	1	Kimberly Carney	Director	2022-04-27
0001806372-22-000001	1	Sulaiman Sanni	Director	2022-04-27
0001665160-22-000925	1	Maxim Filin	CEO	2022-04-27
0001665160-22-000925	2	Ilya Osipov	CTO	2022-04-27
0001665160-22-000922	1	Maxim Filin	CEO, Principal Executive Officer and Director, Principal Financial Officer, Principal Accounting Officer	2022-04-27
0001665160-22-000922	2	Ilya Osipov	President and CTO	2022-04-27
0001644600-22-000056	1	MerchantCass Advisors, LLC	President, Principal Executive Officer, and COO	2022-04-27
0001644600-22-000056	2	Cheryl Baker	Director, Principal Accounting Officer, and Comptroller	2022-04-27
0001644600-22-000056	3	Nancy Cass	Director	2022-04-27
0001665160-22-000919	1	Larry Hightower	President, CEO, Principal Executive Officer, Director, Principal Financial Officer and Principal Accounting Officer	2022-04-27
0001665160-22-000918	1	Zachary Thomas Lambert	Chief Executive Officer	2022-04-27
0001879376-22-000006	1	Evan Wade	Chief Executive Officer	2022-04-27
0001816547-22-000001	3	Alex Poon	Director	2022-04-27
0001816547-22-000001	1	Benjamin Goldhaber	Chief Executive Officer and Director	2022-04-27
0001816547-22-000001	2	Nathaniel Goldhaber	Director	2022-04-27
0001665160-22-000915	1	Jay E. Cormier	President & CEO	2022-04-27
0001922648-22-000001	1	Michael Carr	President	2022-04-27
0001894944-22-000002	1	Danielle Goss	Chief Executive Officer	2022-04-27
0001665160-22-000913	1	Chander Arora	Founder, CEO and Director	2022-04-27
0001864936-22-000006	1	Shubhra Sharma	Chief Executive Office	2022-04-27
0001864936-22-000005	1	Carolyn Haeler	Chief Executive Officer	2022-04-27
0001665160-22-000911	1	Paul LaPorte	CEO	2022-04-27
0001665160-22-000909	1	Trevor Bates	President	2022-04-27
0001911489-22-000004	1	Zachary Stern	Chief Executive Officer and Sole Director	2022-04-27
0001813720-22-000003	1	Stephanie O'Brien	Director	2022-04-27
0001665160-22-000898	1	Chris Faranetta	Vice President	2022-04-26
0001863157-22-000002	2	Reed DesRosiers	Director	2022-04-26
0001835459-22-000001	1	Alan Moisio	CEO	2022-04-26
0001835459-22-000001	2	David Harvey	Manager	2022-04-26
0001835459-22-000001	3	Derek Pierson	Manager	2022-04-26
0001835459-22-000001	4	Nathaniel Brogadir	CBO	2022-04-26
0001665160-22-000900	1	Craig Watson	President, CEO, Principal Executive Officer, Director, Principal Financial Officer and Principal Accounting Officer	2022-04-26
0001847124-22-000001	1	Colin Jacobsen	Director	2022-04-26
0001861802-22-000001	1	Anthony Do	Director	2022-04-26
0001861802-22-000001	2	Michael Nguyen	Director	2022-04-26
0001878261-22-000002	1	Mahsa Rostami	Director	2022-04-26
0001878261-22-000002	2	Shawn Baker	Director	2022-04-26
0001665160-22-000903	1	Richard Little	COO	2022-04-26
0001864936-22-000004	1	Carolyn Haeler	Manager	2022-04-26
0001871266-22-000001	1	Parikshit Guhabiswas	Director	2022-04-26
0001871266-22-000001	2	Kc Princess Guesdan	Director	2022-04-26
0001925403-22-000005	1	Matt Dever	Co-Founder and Co-CEO	2022-04-26
0001665160-22-000905	1	Binhan Li	CEO, Principal Executive Officer and Director, Principal Financial Officer and Principal Accounting Officer	2022-04-26
0001871266-22-000002	1	Parikshit Guhabiswas	Director	2022-04-26
0001871266-22-000002	2	Kc Princess Guesdan	Director	2022-04-26
0001683168-22-002955	1	/s/ Rick Bentley	Chief Executive Officer, Director	2022-04-26
0001683168-22-002955	2	/s/ Gregory Smitherman	Chief Financial Officer, Principal Financial Officer, Principal Accounting Officer	2022-04-26
0001683168-22-002955	3	/s/ James McCormick	Director	2022-04-26
0001683168-22-002955	4	/s/ Jeff Karras	Director	2022-04-26
0001683168-22-002955	5	/s/ Jeff Kirby	Director	2022-04-26
0001665160-22-000906	1	Jacqueline Coffey	CEO, Principal Executive Officer and Director	2022-04-26
0001665160-22-000906	2	Daniel Pomerleau	CFO, Director, Principal Financial Officer and Principal Accounting Officer	2022-04-26
0001874161-22-000002	1	Viola J. Carmona	Sole Director and Chief Executive Officer	2022-04-26
0001665160-22-000907	1	Kevin Hickey	CEO, Principal Executive Officer and Director, Principal Financial Officer and Principal Accounting Officer	2022-04-26
0001924283-22-000001	1	Teresa Gilchrist	President and CEO	2022-04-26
0001863157-22-000002	1	Caroline DesRosiers	Director	2022-04-26
0001665160-22-000896	1	Erika Guerrero	President, CEO, Principal Executive Officer, Director, Principal Financial Officer and Principal Accounting Officer	2022-04-26
0001665160-22-000893	3	Brian Scott	Director	2022-04-26
0001665160-22-000893	2	Doug Foster	Manager	2022-04-26
0001665160-22-000893	1	Ryan Bove	CEO, Principal Financial Officer, and Manager	2022-04-26
0001665160-22-000893	4	Ted Hobart  Personal	Director	2022-04-26
0001908756-22-000001	1	Shannon Cahoon	Director	2022-04-26
0001213900-22-021707	2	/s/ Lauren Iaslovits	Director	2022-04-26
0001213900-22-021707	1	/s/ Jaeson Bang	CEO, President and Director	2022-04-26
0001665160-22-000890	1	Mike Agentis	COO	2022-04-26
0001665160-22-000889	1	Micah Truman	CEO and Director	2022-04-26
0001665160-22-000886	1	Erika Guerrero	President, CEO, Principal Executive Officer, Director, Principal Financial Officer and Principal Accounting Officer	2022-04-26
0001665160-22-000884	1	Mike Piha	CEO	2022-04-26
0001665160-22-000881	1	Phil Stover	CEO	2022-04-26
0001562529-22-000002	1	David Medin	Director	2022-04-26
0001665160-22-000878	1	Mike Agentis	COO	2022-04-26
0001665160-22-000875	1	Rajini Anachi	CEO, Principal Executive Officer and Director, Principal Financial Officer and Principal Accounting Officer	2022-04-26
0001738944-22-000001	3	Jeffrey Kurtzman	Manager	2022-04-26
0001738944-22-000001	2	Patrick Rife	Chief Visionary Officer and Manager	2022-04-26
0001738944-22-000001	1	Nicolas China	Chief Executive Officer and Manager	2022-04-26
0001750513-22-000003	1	Kobi Wu	Founder & CEO	2022-04-26
0001665160-22-000872	1	Abhinav Verma	Founder	2022-04-26
0001889963-22-000002	1	Edan Mimran	CEO	2022-04-26
0001017386-22-000182	1	/s/ Lorenzo Luciano Piceni	President	2022-04-26
0001665160-22-000870	1	Vasily Starostenko	Director	2022-04-26
0001665160-22-000870	2	Robert James	CTO and Director	2022-04-26
0001665160-22-000870	3	Valentin Scinteie	Director	2022-04-26
0001835812-22-000003	1	Siddharth Sahni	Chief Executive Officer, President, and Director	2022-04-26
0001835812-22-000001	1	Siddharth Sahni	Chief Executive Officer, President, and Director	2022-04-26
0001665160-22-000865	1	Lorenzo Holley	Director	2022-04-26
0001665160-22-000864	1	Alexander Stefman	CEO	2022-04-26
0001750513-22-000002	1	Sean Kanter	Managing Member	2022-04-26
0001669191-22-000433	1	Brian Tinney	Board Director	2020-06-03
0001669191-22-000433	2	Matthew Smart	Board Director	2020-06-03
0001665160-22-000860	1	Emil Nnani	CEO and Director	2022-04-26
0001665160-22-000860	2	Cory Smith	CFO	2022-04-26
0001665160-22-000858	1	Dan Clark	CEO	2022-04-26
0001665160-22-000855	1	Christine Baah Ntim	CEO	2022-04-26
0001665160-22-000854	1	Vincent Meyer	CEO, Principal Executive Officer, and Director, Principal Financial Officer, and Principal Accounting Officer	2022-04-26
0001213900-22-021620	1	/s/Archil Cheishvili	President, Chief Executive Officer, Principal Financial Officer, Principal Accounting Officer, and Director	2022-04-26
0001213900-22-021620	3	/s/ Levan Silagadze	Director	2022-04-26
0001213900-22-021620	2	/s/ Shota Shanidze	Director	2022-04-26
0001665160-22-000851	1	John Lin	CEO	2022-04-26
0001665160-22-000851	2	Justin Messina	CTO	2022-04-26
0001755873-22-000006	1	Kobi Wu	Founder & CEO	2022-04-26
0001669191-22-000431	1	Roger Wu	Board Director	2021-01-27
0001665160-22-000850	1	Greg Johnson	CEO, Principal Executive Officer and Director, Principal Financial Officer and Principal Accounting Officer	2022-04-26
0001665160-22-000845	1	William Lewis Johnson	CEO	2022-04-26
0001882590-22-000003	1	Sergei Badeka	CBO	2022-04-13
0001665160-22-000842	2	Dustin Feider	CEO, Principal Executive Officer and Director	2022-04-26
0001665160-22-000842	1	Heather Feider	Principal Financial Officer and Principal Accounting Officer	2022-04-26
0001665160-22-000839	1	Heather Feider	Chief Financial Officer / Secretary	2022-04-26
0001665160-22-000838	1	Craig Watson	CEO/Founder	2022-04-26
0001665160-22-000835	1	Mary Gardner	CEO, Director/Board Member, Principal Financial Officer	2022-04-26
0001665160-22-000835	2	Daniel Bradbury	Board Director	2022-04-26
0001665160-22-000833	3	Jeffrey T. Steiner	Vice President	2022-04-26
0001665160-22-000833	1	Jennifer Steiner Pool	President	2022-04-26
0001665160-22-000833	2	Nancy Steiner	Director	2022-04-26
0001665160-22-000831	1	Mary Gardner	CEO & Board Director	2022-04-26
0001665160-22-000829	1	Jennifer Steiner Pool	President	2022-04-26
0001665160-22-000829	2	Nancy Steiner	Director	2022-04-26
0001665160-22-000829	3	Jeffrey T. Steiner	Vice President	2022-04-26
0001017386-22-000180	1	Shelli Fields	President	2022-04-25
0001718528-22-000002	1	Kevin Chow	CEO	2022-04-26
0001665160-22-000826	1	Michael Audi	Founder & CEO	2022-04-26
0001852106-22-000002	1	Joseph Toczydlowski	Chief Financial Officer	2022-04-25
0001750513-22-000001	1	Kanter Companies	Chief Executive Member	2022-04-26
0001774075-22-000003	1	Fred McGill Jr.	Director	2022-04-26
0001774075-22-000003	2	Jeremy Gamble	Director	2022-04-26
0001774075-22-000003	3	Randall Lee McGill	Director	2022-04-26
0001774075-22-000001	1	Fred McGill Jr.	Director	2022-04-26
0001774075-22-000001	2	Jeremy Gamble	Director	2022-04-26
0001774075-22-000001	3	Randall Lee McGill	Director	2022-04-26
0001665160-22-000823	1	Genevieve Brazelton	CMO, Secretary	2022-04-26
0001774152-22-000001	1	Jiannan Zhang	Director, Chief Executive Officer, and Secretary	2022-04-26
0001666102-22-000002	1	James B Frank	Chief Operations Officer	2022-04-25
0001665160-22-000818	2	Michelle Carbon	CFO and General Counsel	2022-04-25
0001665160-22-000818	1	Mark C. Russell	CEO (Chief Executive Officer) and Director	2022-04-25
0001665160-22-000821	1	Mark C. Russell	CEO (Chief Executive Officer) and Director	2022-04-25
0001665160-22-000821	2	Michelle Carbon	CFO and General Counsel	2022-04-25
0001665160-22-000821	3	Charles Thomas Russell	Director	2022-04-25
0001665160-22-000819	1	Oksana Simmons	CFO and Director	2022-04-25
0001665160-22-000819	2	Michael Sean Simmons	CEO and Director	2022-04-25
0001730695-22-000007	1	Daniel Gouldman	Director	2022-04-25
0001730695-22-000007	2	Ian Kane	Director	2022-04-25
0001730695-22-000007	3	Mark Morales	Director	2022-04-25
0001665160-22-000813	1	Dayan Martinez	Founder, CEO & Director	2022-04-25
0001670254-22-000403	1	Galen Karlan-Mason	Founder & CEO	2022-04-19
0001665160-22-000815	1	Seonhwa Shin	Operating Officer	2022-04-25
0001670254-22-000400	1	Jan Lucanus	Founder & Chief Executive Officer	2022-04-25
0001665160-22-000809	1	Carl Tautenhahn	CEO, Principal Executive Officer and Director, Principal Financial Officer and Principal Accounting Officer	2022-04-25
0001805018-22-000001	1	Arup Roy-Burman	Chief Executive Officer	2022-04-25
0001665160-22-000807	1	Michael Sean Simmons	President	2022-04-25
0001665160-22-000807	2	Oksana Anna Simmons	Vise president	2022-04-25
0001665160-22-000811	1	Claudio Randal Serafini	Chief Executive Officer	2022-04-25
0001670254-22-000402	1	Garth Schultz	President	2022-04-25
0001670254-22-000402	2	Rob Kornahrens	CEO - Visionary / Angel Investor	2022-04-25
0001670254-22-000401	1	Tyler Hayes	Atom Limbs Co-Founder & CEO	2022-04-22
0001894171-22-000004	1	Michael Earley	President	2021-11-19
0001665160-22-000818	3	Charles Thomas Russell	Director	2022-04-25
0001193125-22-117944	5	/s/ Joel Worcester	Director	2022-04-25
0001193125-22-117944	6	/s/ Paul Worcester	Director	2022-04-25
0001193125-22-117944	2	/s/ Mike Zwonitzer	Interim Chief Financial Officer (Principal Financial Officer and Principal Accounting Officer)	2022-04-25
0001193125-22-117944	4	/s/ Tyler McNie	Co-Chief Executive Officer and Director	2022-04-25
0001193125-22-117944	3	/s/ Cameron McNie	Co-Chief Executive Officer and Chairman of the Board	2022-04-25
0001193125-22-117944	1	/s/ Scott Ford	President, Co-Chief Executive Officer and Director (Principal Executive Officer)	2022-04-25
0001670254-22-000399	1	Rony Hage	Founder and CEO	2022-04-25
0001665160-22-000804	1	Larry Hightower	CEO	2022-04-25
0001665160-22-000803	1	Josh Kimmel	CEO, Principal Executive Officer and Director, Principal Financial Officer and Principal Accounting Officer	2022-04-25
0001670254-22-000398	1	Paul Evers	Co-founder / CEO	2022-04-25
0001669191-22-000426	5	Patrick Lincoln	Board Member	2022-04-25
0001669191-22-000426	4	Patrick Cahill	Board Member	2022-04-25
0001669191-22-000426	3	Sophia Becker	Principal Accounting Officer	2022-04-25
0001669191-22-000426	2	Patrick Cahill	Principal Financial Officer	2022-04-25
0001669191-22-000426	1	Sophia Becker	Principal Executive Officer	2022-04-25
0001669191-22-000426	6	Sophia Becker	Board Member	2022-04-25
0001669191-22-000425	1	Luke Hohmann	Board Director	2021-05-04
0001669191-22-000423	3	Lisa Hill	Principal Accounting Officer	2022-04-25
0001669191-22-000423	5	David Barnhart	Board Member	2022-04-25
0001669191-22-000423	4	Talbot Jaeger	Board Member	2022-04-25
0001669191-22-000423	2	Daniel Lopez	Principal Financial Officer	2022-04-25
0001669191-22-000423	1	David Barnhart	Principal Executive Officer	2022-04-25
0001879211-22-000002	1	/s/ Jeff Heglie	Co-Founder	2022-04-25
0001879211-22-000002	2	/s/ Mischelle Elkovich	Co-Founder	2022-04-25
0001670254-22-000397	1	Wilson Chang	Director	2022-04-25
0001670254-22-000397	2	Kim Kolt	Director / Board Member	2022-04-24
0001670254-22-000397	3	William M Bumpers	Chairman	2022-04-23
0001670254-22-000397	4	Gary Skulnik	CEO	2022-04-23
0001669191-22-000418	2	Jason Taylor	Board Director	2021-01-19
0001669191-22-000418	1	Steve Wilcenski	Board Director	2021-01-19
0001670254-22-000396	1	Eyal Amir	CEO	2022-04-25
0001665160-22-000799	1	James Rhodes	CEO	2022-04-25
0001665160-22-000799	2	Edward Shergalis	COO	2022-04-25
0001665160-22-000797	1	Charles Yeomans	CEO, Principal Executive Officer and Director, Principal Financial Officer and Principal Accounting Officer	2022-04-25
0001669191-22-000415	1	Roger Wu	Board Member	2021-01-27
0001670254-22-000395	1	Austin Hilde	Communications	2022-04-13
0001670254-22-000395	2	Jeff Hilde	Inventor & Founder	2022-04-12
0001669191-22-000413	2	Cole Johnson	Director	2021-03-08
0001669191-22-000413	1	Jonah Tuckman	Director	2021-03-10
0001669191-22-000411	1	Roger Wu	Board Director	2021-01-27
0001878300-22-000003	2	Eric Hirani	Manager	2022-04-25
0001878300-22-000003	1	Hemant Chavan	Manager	2022-04-25
0001878300-22-000002	2	Eric Hirani	Manager	2022-04-25
0001878300-22-000002	1	Hemant Chavan	Manager	2022-04-25
0001874161-22-000001	1	Viola J. Carmona	Sole Director and Chief Executive Officer	2022-04-25
0001665160-22-000795	1	Christie Covarrubias	Co-Founder, CEO and Chairman of the Board	2022-04-25
0001665160-22-000795	3	Jeff Milkie	Director	2022-04-25
0001665160-22-000795	4	Mark Hoiland	Director	2022-04-25
0001665160-22-000795	2	Jim Lockhart	Director	2022-04-25
0001665160-22-000793	2	Jamel Lewis	Director	2022-04-25
0001665160-22-000793	1	Mark Edmond	CEO	2022-04-25
0001665160-22-000793	3	Charles Alexander	Principal Accounting Officer	2022-04-25
0001665160-22-000791	1	Tim Krueger	CEO, Principal Executive Officer and Director, Principal Financial Officer and Principal Accounting Officer	2022-04-25
0001665160-22-000789	1	Michael Alfaro	CEO	2022-04-25
0001665160-22-000787	1	Tyler Gottstein	CEO, Principal Executive Officer, and Director, Principal Financial Officer, and Principal Accounting Officer	2022-04-25
0001665160-22-000784	5	Michael J. Wood	Director	2022-04-25
0001665160-22-000784	1	Scott Hansen	CEO, Principal Financial Officer	2022-04-25
0001665160-22-000784	3	Robert Hickernell	Director	2022-04-25
0001665160-22-000784	2	Brandon Perry	Director	2022-04-25
0001665160-22-000784	4	Michael Horn	Director	2022-04-25
0001587317-22-000005	2	David Chait	Director	2022-04-25
0001587317-22-000005	3	Kevin Thompson	Director	2022-04-25
0001587317-22-000005	4	Edward Hightower	Director	2022-04-25
0001587317-22-000005	5	Wanda Lopuch	Director	2022-04-25
0001587317-22-000005	1	Jeremy McCool	Director	2022-04-25
0001807583-22-000001	1	Philip Michael	CEO	2022-04-21
0001665160-22-000781	3	Huey Segura, Jr.	Managing Member	2022-04-25
0001665160-22-000781	1	Michael Brady	Chief Commercial Officer	2022-04-25
0001665160-22-000781	2	Alexander Gomez	Chief Executive Officer, Managing Member	2022-04-25
0001665160-22-000778	1	Balakrishnan Nair	CEO, Principal Executive Officer and Director, Principal Financial Officer and Principal Accounting Officer	2022-04-25
0001665160-22-000775	2	Xianren Wu, M.D.	Co-Founder and Member of the Board of Directors	2022-04-25
0001665160-22-000775	3	Brad Stezoski	Member of the Board of Directors	2022-04-25
0001665160-22-000775	1	Thomas Hardiman	Executive Vice President and Member of the Board of Directors	2022-04-25
0001665160-22-000772	1	James Bradley Sund, Sr.	CEO, Principal Executive Officer and Director, Principal Financial Officer and Principal Accounting Officer	2022-04-25
0001919365-22-000002	1	Rosemary Mihalko	President	2022-04-25
0001872052-22-000001	1	Lydie Livolsi	Founder and CEO	2022-04-25
0001888810-22-000002	1	Jonas Guenther	Director	2022-04-25
0001888810-22-000002	3	Michael Udovich	Director	2022-04-25
0001888810-22-000002	2	Daniel Bernstein	Director	2022-04-25
0001665160-22-000769	1	James Sund Sr.	President	2022-04-25
0001859165-22-000002	1	Oscar Pedroso	Director	2022-04-25
0001665160-22-000766	1	Heather Halterman	Director	2022-04-25
0001665160-22-000764	1	Arnold Leitner	CEO, Principal Executive Officer and Director, Principal Financial Officer	2022-04-22
0001665160-22-000764	2	Richard F Hoskins	Director	2022-04-22
0001665160-22-000763	1	Arnold Leitner	CEO, Principal Executive Officer and Director, Principal Financial Officer	2022-04-22
0001665160-22-000763	2	Richard F Hoskins	Director	2022-04-22
0001665160-22-000761	1	Sara K Margulis	CEO	2022-04-25
0001922949-22-000002	1	Kurt Chen	Manager	2022-04-22
0001665160-22-000758	1	Keith Chapman	President, CEO, Principal Executive Officer, Director, Principal Financial Officer and Principal Accounting Officer	2022-04-25
0001665160-22-000756	2	Andy Weiner	Co-Founder / Chief Operating Officer	2022-04-25
0001665160-22-000756	1	Keith Chapman	Co-Founder / Chief Marketing Officer	2022-04-25
0001665160-22-000754	1	Phil Layton	CEO, Principal Executive Officer and Director, Principal Financial Officer and Principal Accounting Officer	2022-04-25
0001670254-22-000393	1	Paul Ryan	CEO and Founder	2022-04-21
0001777060-22-000002	2	Robert Whitten	Chief Financial Officer, Treasurer and Director	2022-04-25
0001777060-22-000002	1	Frederick R. Dawe	Manager, Chief Executive Officer and Director	2022-04-25
0001669191-22-000407	1	Shari Noonan	Principal Executive Officer	2022-04-25
0001669191-22-000407	4	Shari Noonan	Board Member	2022-04-25
0001669191-22-000407	3	Shari Noonan	Principal Accounting Officer	2022-04-25
0001669191-22-000407	2	Shari Noonan	Principal Financial Officer	2022-04-25
0001736653-22-000002	1	Erik Groset	Founder & CEO	2022-04-22
0001736653-22-000002	3	Rick Hernandez	Board Member	2022-04-22
0001736653-22-000002	2	Peter Groset	Founder & CTO	2022-04-22
0001477932-22-002589	1	/s/ Douglas Willmore	CEO/Director	2022-04-22
0001477932-22-002589	2	/s/ Deborah Cullen	CFO/CAO	2022-04-22
0001477932-22-002589	3	/s/ Catherine Key	President/CBDO/Director	2022-04-22
0001477932-22-002589	4	/s/ Terry Rodrigue	COO	2022-04-22
0001477932-22-002589	9	/s/ Chris Wedding	Director	2022-04-22
0001477932-22-002589	6	/s/ Todd Fein	Director	2022-04-22
0001477932-22-002589	7	/s/ Allan English	Director	2022-04-22
0001477932-22-002589	8	/s/ Filippo Bozotti	Director	2022-04-22
0001477932-22-002589	5	/s/ Wendy Burton	Founder and Co-Chair	2022-04-22
0001104659-22-049183	1	/s/ Dr. Arup Roy-Burman	Director	2022-04-25
0001104659-22-049183	2	/s/ Crista Bailey	Director	2022-04-25
0001104659-22-049183	3	/s/ Rachel Fish	Director	2022-04-25
0001864316-22-000002	1	Pierluigi Mantovani	Director	2022-04-22
0001864316-22-000002	2	Juan Rodriguez	Director	2022-04-22
0001670254-22-000387	1	Niina Al-Hassan	Founder & CEO	2022-04-21
0001872560-22-000002	1	Avrum Mayman	President	2022-04-22
0001670254-22-000389	3	Brian Viele	President	2022-04-22
0001781973-22-000001	2	Michael Brian Nashick	Chief Financial Officer	2022-04-22
0001670254-22-000391	1	Chris Caudle	Founder & CEO	2022-04-22
0001670254-22-000389	1	Justin A. Ritter	director	2022-04-22
0001670254-22-000389	2	Matt Walker	Vice President	2022-04-22
0001781973-22-000001	1	Daniel Thomas Hinkle	Chief Operating Officer	2022-04-22
0001665160-22-000749	1	Emanuel Papadakis	President, CEO, Principal Executive Officer, Director, Principal Financial Officer and Principal Accounting Officer	2022-04-22
0001665160-22-000748	1	Randall Huntsinger	CEO, Principal Executive Officer and Director, Principal Financial Officer and Principal Accounting Officer	2022-04-22
0001746059-22-000173	1	Howard Hanna	Owner and Founder	2022-04-22
0001665160-22-000745	1	Charles Sutera III	Chief Executive Officer and Director	2022-04-22
0001665160-22-000745	2	Janna Melzer Sutera	Chief Clinical Officer and Director	2022-04-22
0001746059-22-000172	1	Bettina Fisher	Owner and Founder	2022-04-22
0001913194-22-000007	1	Phil Gattone	President	2022-04-19
0001665160-22-000744	1	Kevin Arca	CEO/CFO/Director	2022-04-22
0001746059-22-000171	1	Vincenzo Sisti	Owner and Founder	2022-04-22
0001746059-22-000170	1	Monique Saunders	Owner	2022-04-22
0001670254-22-000386	3	Robert Samuelsen	CEO	2022-04-21
0001670254-22-000386	2	Stephen Taylor	COO	2022-04-21
0001670254-22-000386	1	Clinton Swapp	Vice President	2022-04-21
0001670254-22-000386	4	Robert Samuelsen	CEO	2022-04-21
0001746059-22-000169	1	Adam Joseph Baiardi	Owner and Founder	2022-04-22
0001746059-22-000168	1	Joshua Cannon	Owner and COO	2022-04-22
0001665160-22-000743	1	Sean Hacking	CEO, Principal Executive Officer and Director, Principal Financial Officer and Principal Accounting Officer	2022-04-22
0001746059-22-000167	1	Heather-Wren Werner	Owner and Founder	2022-04-22
0001644600-22-000053	2	Paul Brethen	Director	2022-04-22
0001644600-22-000053	1	Tara Schiller	CEO, President, Secretary, CFO	2022-04-22
0001644600-22-000052	1	Jeffrey Vinokur	Founder, Chief Executive Officer, Chief Financial Officer, and Director	2022-04-22
0001644600-22-000052	2	Eric S. Rollman	President, Chief Content Officer, and Director	2022-04-22
0001831643-22-000001	1	Emily Griffith	CEO & Manager	2022-04-22
0001665160-22-000742	1	Vipin Jain	CEO	2022-04-22
0001746059-22-000166	1	Fathia Jones	Owner and Founder	2022-04-22
0001665160-22-000740	1	EMANUEL I PAPADAKIS	PRESIDENT AND CEO	2022-04-22
0001669191-22-000402	3	Peter  Goodman	Principal Accounting Officer	2022-04-22
0001669191-22-000402	2	Peter  Goodman	Principal Financial Officer	2022-04-22
0001669191-22-000402	1	Peter  Goodman	Principal Executive Officer	2022-04-22
0001669191-22-000402	4	Peter  Goodman	Board Member	2022-04-22
0001665160-22-000738	2	Travis King	CFO and Director	2022-04-22
0001665160-22-000738	1	Elisabeth Gritsch	CEO, President and Director	2022-04-22
0001746059-22-000165	1	John Baker	Owner and Founder	2022-04-22
0001904386-22-000002	1	Scottie Smith II	As Managing Member of the Manager, Oakwood Legacy Holdings, LLC	2022-04-22
0001665160-22-000736	2	Janna Melzer Sutera	Chief Clinical Officer and Director	2022-04-22
0001665160-22-000736	1	Charles Sutera III	Chief Executive Officer and Director	2022-04-22
0001665160-22-000731	1	Eugene Cordero	CEO & Director	2022-04-22
0001665160-22-000731	2	Leah Tremblay	CFO	2022-04-22
0001913986-22-000003	1	Aaron Schickel	President	2022-04-22
0001746059-22-000164	2	Thomas Pytko	Owner and CoFounder	2022-04-22
0001746059-22-000164	1	Kayley Stasiewski	Owner and CoFounder	2022-04-22
0001665160-22-000726	2	Kevin Lynch	Vice President of Business Development and Principal Financial Officer	2022-04-22
0001665160-22-000726	3	Federico Olivares	Vice President of Innovation, Founder, and Director	2022-04-22
0001665160-22-000726	4	Michael Oh	Director	2022-04-22
0001665160-22-000726	1	Greg Czerpak	President, Chief Executive Officer, Chairman of the Board, and Principle Executive Officer	2022-04-22
0001665160-22-000724	3	Federico Olivares	Vice President of Innovation, Founder, and Director	2022-04-22
0001665160-22-000724	4	Michael Oh	Director	2022-04-22
0001665160-22-000724	2	Kevin Lynch	Vice President of Business Development and Principal Financial Officer / Principal Accounting Officer and Director	2022-04-22
0001665160-22-000724	1	Greg Czerpak	President, Chief Executive Officer, Chairman of the Board , and Principal Executive Officer	2022-04-22
0001665160-22-000722	1	Nicole Pekerman	President, CEO, Principal Executive Officer, Director, Principal Financial Officer and Principal Accounting Officer	2022-04-22
0001670254-22-000385	3	Patrick Henry	President & CEO	2022-04-21
0001670254-22-000385	2	Rory Moore	Board Director	2022-04-21
0001670254-22-000385	1	Farooq Anjum	Board Director	2022-04-21
0001213900-22-021091	1	/s/ Eli Dusenbury	Director	2022-04-22
0001665160-22-000721	3	Michael Horn	Director	2022-04-22
0001665160-22-000721	2	Robert Hickernell	Director	2022-04-22
0001665160-22-000721	1	Brandon Perry	Director	2022-04-22
0001665160-22-000721	4	Michael J. Wood	Director	2022-04-22
0001746059-22-000163	1	Thomas Johnson	Owner and CoFounder	2022-04-22
0001746059-22-000163	2	Amy Johnson	Owner and CoFounder	2022-04-22
0001735613-22-000002	1	Oscar Pedroso	Chief Executive Officer	2022-04-21
0001735613-22-000001	1	Matthew Sullivan	CEO	2022-04-21
0001789369-22-000001	1	Carroll Lee	Chief Executive Officer and Manager	2022-04-22
0001665160-22-000712	1	David Werner	CEO, Principal Executive Officer and Director, Principal Financial Officer and Principal Accounting Officer	2022-04-21
0001670254-22-000380	2	Trevor P. Castor	President and CEO	2022-04-18
0001670254-22-000380	1	Trevor P. Castor	President and CEO	2022-04-18
0001665160-22-000715	1	Erika Guerrero	CEO and Director	2022-04-21
0001670254-22-000381	2	Sabina Khilnani	Cofounder, CEO	2022-04-19
0001670254-22-000381	1	Alexis Botaya	Cofounder, COO	2022-04-20
0001670254-22-000379	3	Charlie Davis	President	2022-04-18
0001670254-22-000379	2	Chip Davis	Executive Vice President & Founder	2022-04-18
0001670254-22-000379	1	Warren Sager	VP of Operations	2022-04-18
0001665160-22-000712	2	Charles Discavage	Director	2022-04-21
0001665160-22-000712	3	Wayne R Palmiter	Director	2022-04-21
0001665160-22-000713	1	Gianluca De Novi	CEO, Principal Executive Officer and Director	2022-04-21
0001665160-22-000713	2	Michele Marzola	Principal Financial Officer, Principal Accounting Officer, and Director	2022-04-21
0001922306-22-000001	1	Adam Volk	Managing Member	2022-04-21
0001670254-22-000383	1	Sumanth Swaminathan, PhD	CoFounder & CEO	2022-04-20
0001849264-22-000002	1	Malcolm Fontier	Director, President, and CEO	2022-04-21
0001746059-22-000162	1	Harmony Edwards	Founder and CEO	2022-04-21
0001575872-22-000305	1	Blake Janover	Director	2022-04-21
0001575872-22-000303	1	Blake Janover	Director	2022-04-21
0001907870-22-000003	1	Sheldon Richard (Rick) Bentley	Director	2022-04-21
0001907870-22-000003	2	James McGibney	Chief Executive Officer	2022-04-21
0001744818-22-000005	3	Roelof Botha	Director	2022-04-21
0001744818-22-000005	1	Elliot C.R. Cook	COO	2022-04-21
0001744818-22-000005	4	Matt Coffin	Director	2022-04-21
0001744818-22-000005	2	Jason Calacanis	Chief Executive Officer, President, Chief Financial Officer, Secretary and Director	2022-04-21
0001670254-22-000377	2	Bradley Silver	President	2022-04-19
0001670254-22-000377	3	Jeremy Barnett	CEO	2022-04-19
0001670254-22-000377	1	Joseph Freedman	Chairman	2022-04-20
0001802465-22-000001	1	Monique Crayton	COO, Sole Member	2022-04-21
0001864224-22-000002	2	Brandon Jones	Director	2022-04-21
0001864224-22-000002	1	Shabazz Stuart	Director	2022-04-21
0001670254-22-000376	2	Robert Kollar	General Counsel	2022-04-21
0001670254-22-000376	1	James Haluszczak	Managing Partner	2022-04-21
0001670254-22-000376	5	Shawn Wehan	CEO	2022-04-21
0001670254-22-000376	4	Alan McCann	CTO	2022-04-21
0001670254-22-000376	3	Lindsey Burris	Director	2022-04-21
0001644600-22-000050	2	Eric S. Rollman	President, Chief Content Officer, and Director	2022-04-21
0001644600-22-000050	1	Jeffrey Vinokur	Founder, Chief Executive Officer, Chief Financial Officer, and Director	2022-04-21
0001688029-22-000008	1	Matthew R. McKinlay	Restructuring Advisor	2022-04-21
0001670254-22-000372	1	Khalil Khouri	CPO/Co-Founder	2022-04-18
0001670254-22-000372	2	Felipe Jauregui	COO/Co-founder	2022-04-18
0001670254-22-000372	3	Andres Avello	CEO/Co-Founder	2022-04-18
0001665160-22-000709	2	Khai Nguyen	CFO, Director, Treasurer	2022-04-21
0001665160-22-000709	1	Tyler Boone	CEO, President and Director	2022-04-21
0001670254-22-000370	3	Brandon Deroche	Founder & CEO	2022-04-19
0001670254-22-000370	2	Kacy Qua	Consultant	2022-04-19
0001670254-22-000370	1	Scott Dudelson	director	2022-04-19
0001669191-22-000397	2	Kranthi Bathula	Principal Financial Officer	2022-04-21
0001669191-22-000397	4	Kranthi Bathula	Board Member	2022-04-21
0001669191-22-000397	5	Ganga Bathula	Board Member	2022-04-21
0001669191-22-000397	3	Ganga Bathula	Principal Accounting Officer	2022-04-21
0001669191-22-000397	1	Ganga Bathula	Principal Executive Officer	2022-04-21
0001670254-22-000369	2	Ron Harris	President	2022-04-21
0001670254-22-000369	1	Jason Brown	Co-Founder	2022-04-21
0001670254-22-000367	1	Jason Brown	Founder & CEO	2022-04-21
0001670254-22-000366	1	Jason Adams	CEO & President	2022-04-20
0001621374-22-000006	3	John Speicher	Secretary and Director	2022-04-21
0001621374-22-000006	1	Che Voigt	Chief Executive Officer and Director	2022-04-21
0001621374-22-000006	2	Kelly Graves	Chief Financial Officer	2022-04-21
0001621374-22-000006	4	Scott Becker	Director	2022-04-21
0001665160-22-000707	4	Miguel Amigot II	Advisor	2022-04-20
0001665160-22-000707	1	George Levy	CEO, Principal Executive Officer and Director, Principal Financial Officer and Principal Accounting Officer	2022-04-20
0001665160-22-000707	2	Mike Winston	Founding Advisor	2022-04-20
0001665160-22-000705	1	George Levy	CEO, Principal Executive Officer and Director, Principal Financial Officer and Principal Accounting Officer	2022-04-20
0001670254-22-000364	1	William Mastin	Board Member	2022-03-03
0001665160-22-000702	1	Joseph Austin	President, CEO, Principal Executive Officer, Director, Principal Financial Officer and Principal Accounting Officer	2022-04-20
0001665160-22-000703	1	Stephen Catanzo	President, CEO, Principal Executive Officer, Director, Principal Financial Officer and Principal Accounting Officer	2022-04-20
0001902033-22-000004	7	Jeffrey Rosenblum	Board of Directors' Member	2022-04-20
0001902033-22-000004	6	James Lyski	Board of Directors' Member	2022-04-20
0001902033-22-000004	5	Dan Crane	Board of Directors' Member	2022-04-20
0001902033-22-000004	4	Stephanie Fortener	Board of Directors' Member	2022-04-20
0001902033-22-000004	3	Katrina Hahn	Board of Directors' Member	2022-04-20
0001902033-22-000004	2	Dr. Daniel Kim	Chief Medical Officer	2022-04-20
0001902033-22-000004	1	David Colina	Founder & CEO	2022-04-20
0001665160-22-000707	5	Marcelo Burbano	Advisor	2022-04-20
0001665160-22-000707	3	George Murnane	Founding Advisor	2022-04-20
0001670254-22-000361	1	Mohamed Zaid	Founder and CEO	2022-04-18
0001670254-22-000364	2	Pete Mastin	CEO	2022-03-03
0001493152-22-010563	2	/s/ David Markowski	Principal Financial Officer, Principal Accounting Officer	2022-04-20
0001493152-22-010563	1	/s/ Ron Erickson	Director	2022-04-20
0001872560-22-000001	1	Avrum Mayman	President	2022-04-20
0001881847-22-000003	1	Orion Parrott	GP SEAF GP, Manager SEAF 1 Manager Kemble Berkshires LLC	2022-04-20
0001881847-22-000002	1	Orion Parrott	GP SEAF GP, Manager SEAF 1 Manager Kemble Berkshires LLC	2022-04-20
0001691942-22-000002	1	Nat Mundel	CEO	2022-04-20
0001720880-22-000004	1	Melissa Stapley	CEO	2022-04-20
0001665160-22-000701	1	Todd Thompson	CEO, Principal Executive Officer and Director, Principal Financial Officer and Principal Accounting Officer	2022-04-20
0001670254-22-000359	1	Elizabeth Wofford	CFO	2022-04-18
0001670254-22-000359	2	Sebastin Builes	Co-Founder & CEO	2022-04-18
0001665160-22-000700	2	F. Wendell Minnick	Executive Chairman of the Board of Directors	2022-04-20
0001665160-22-000700	1	Christopher Dooley	CEO and Director	2022-04-20
0001670254-22-000358	1	Stephen Le Roux	Chief Executive Officer	2022-04-19
0001670254-22-000358	4	Ian Michael Baxter	Board Member	2022-04-19
0001670254-22-000358	3	James Schleckser	Director	2022-04-19
0001670254-22-000358	2	Craig Lewis Bond	Chairman	2022-04-19
0001670254-22-000358	5	Matthew Armandi	Chief Financial Officer	2022-04-19
0001665160-22-000698	1	Chris Smith	CEO, Principal Executive Officer and Director, Principal Financial Officer and Principal Accounting Officer	2022-04-20
0001670254-22-000357	3	Patrick Whitfield	Chief Finance Officer	2022-04-14
0001670254-22-000357	2	Marc Conneely	CEO	2022-04-14
0001670254-22-000357	1	Laura Haines	CPO	2022-04-14
0001788590-22-000004	2	Mark Zheng	President	2022-04-20
0001788590-22-000004	1	Raymond Li	Founder & CEO	2022-04-20
0001669191-22-000395	1	Marvin Johnson	Director	2020-11-10
0001669191-22-000395	2	Anthony Carter	Director	2020-11-10
0001665160-22-000697	1	Zachary Lambert	CEO, Principal Executive Officer and Director, Principal Financial Officer and Principal Accounting Officer	2022-04-20
0001838793-22-000002	1	Lyneir Richardson	CEO of The Chicago TREND Corporation, the manager	2022-04-20
0001838793-22-000001	1	Lyneir Richardson	By The Chicago TREND Corp, as Manager	2022-04-20
0001627490-22-000002	1	James Bradley Sund, Sr.	CEO, Principal Executive Officer and Director, Principal Financial Officer and Principal Accounting Officer	2022-04-20
0001670254-22-000355	1	Samir Tendulkar	Founder CEO/CTO	2022-04-19
0001850285-22-000001	1	Michael Murguia	CEO & Director	2022-04-20
0001665160-22-000684	2	Frauke Wittmer-Grant	Corporate Secretary, Interim CFO, and Director	2022-04-19
0001665160-22-000684	1	Diego Jacobson	Director	2022-04-19
0001846988-22-000003	2	Michael Puscar	Director	2022-04-19
0001846988-22-000003	1	Cameron Madani	Director	2022-04-19
0001913194-22-000004	1	Phil Gattone	President	2022-04-19
0001665160-22-000687	1	Cathi Lamberti	Chief Executive Officer, Chairperson of the board of directors, and founder of SMARTfit	2022-04-19
0001665160-22-000687	2	Diego Jacobson	Board member	2022-04-19
0001665160-22-000687	3	Frauke Wittmer Grant	Board Secretary, Interim CFO, Board Member	2022-04-19
0001665160-22-000693	1	Abhinav Verma	Founder	2022-04-19
0001811482-22-000001	1	GOPI KANTAMNENI	CEO & FOUNDER	2022-04-19
0001665160-22-000689	1	Denys Gurak	CEO, Principal Executive Officer and Director, Principal Financial Officer and Principal Accounting Officer	2022-04-19
0001670254-22-000353	1	Rebecca Lock	Founder/CEO of Kidcaboo Holdings, Inc	2022-04-18
0001665160-22-000687	4	James Manley	CTO, Board Member	2022-04-19
0001665160-22-000684	3	James Manley	Director and Chief Technology Officer	2022-04-19
0001665160-22-000690	1	Finn Staber	CEO, Principal Executive Officer and Director, Principal Financial Officer and Principal Accounting Officer	2022-04-19
0001675390-22-000002	1	Christopher J. Kramer	Director	2022-04-19
0001913194-22-000006	1	Phil Gattone	President	2022-04-19
0001746059-22-000161	1	Anthony Lagrosa	Owner and Founder	2022-04-19
0001665160-22-000682	2	Mike Anderson	President, Board Member, Principal Financial and Accounting Officer	2022-04-19
0001665160-22-000682	1	Mike Lally	Chief Executive Officer, Principle Executive, Director	2022-04-19
0001669191-22-000393	3	Tyler Prescott	Principal Accounting Officer	2022-04-19
0001669191-22-000393	2	Tyler Prescott	Principal Financial Officer	2022-04-19
0001669191-22-000393	5	Tyler Prescott	Board Member	2022-04-19
0001669191-22-000393	1	Tyler Prescott	Principal Executive Officer	2022-04-19
0001669191-22-000393	4	James Hopkins	Board Member	2022-04-19
0001669191-22-000391	2	Michael Egan	Board Member	2021-04-14
0001669191-22-000391	1	Teague Egan	Board Member	2021-04-14
0001665160-22-000680	1	David Arthur Brown	Founder and CEO	2022-04-19
0001665160-22-000680	2	Karina Kagramanova	Corporate Secretary	2022-04-19
0001880827-22-000005	1	Sean Jones	Chief Executive Officer	2022-04-19
0001746059-22-000160	1	Cleon Byron	Owner and CEO	2022-04-19
0001670254-22-000351	3	Arnab Raychaudhuri	CEO	2022-04-18
0001670254-22-000351	2	Jeremy Schwartz	CTO	2022-04-19
0001670254-22-000351	1	PRITHIVIRAJ UDAYAKUMAR	Head of Growth	2022-04-19
0001665160-22-000678	1	Phil Layton	CEO, Principal Executive Officer and Director, Principal Financial Officer and Principal Accounting Officer	2022-04-19
0001821120-22-000004	1	Philip Michael	CEO of NYCE Companies, Inc., Manager of Temple I, LLC	2022-04-19
0001755873-22-000005	1	Usman Shaikh	Attorney	2022-04-19
0001665160-22-000676	1	Nicholas Guida	Chairman of the Board of Directors, Founder, CEO and CTO	2022-04-18
0001665160-22-000676	8	Justin Mark Ryan, Jr	Director	2022-04-18
0001665160-22-000676	7	Jere Kovach	Secretary and Director	2022-04-18
0001665160-22-000676	6	Robert G. Knollenberg	Director	2022-04-18
0001665160-22-000676	5	David Cox	Director	2022-04-18
0001665160-22-000676	2	Jacob Klinginsmith	President and Director	2022-04-18
0001665160-22-000676	3	Lisa Kassa	Treasurer, Controller, Principal Financial Officer	2022-04-18
0001665160-22-000676	4	David McClenahan	Director	2022-04-18
0001805056-22-000004	1	Usman Shaikh	Attorney	2022-04-19
0001746059-22-000159	1	Marissa Stashenko	Owner and CoFounder	2022-04-19
0001910977-22-000004	1	Mahsa Rostami	Chief Executive Officer	2022-04-19
0001910977-22-000003	1	Tracy L. Hazzard	President and CEO	2022-04-19
0001923441-22-000001	1	Tim Cooney	President and CEO	2022-04-19
0001670254-22-000348	2	Natalie Mondine	COO, Co-Founder	2022-04-18
0001670254-22-000348	1	marc brannigan	ceo	2022-04-18
0001910977-22-000002	1	Sam Payrovi	Chief Executive Officer	2022-04-19
0001670254-22-000347	2	Aaron Olson	Secretary	2022-04-15
0001670254-22-000347	1	Mehrdad Arjmand	CEO/Treasurer	2022-04-14
0001665160-22-000673	1	Gadi Ponte	President, CEO, Principal Executive Officer, Director, Principal Financial Officer and Principal Accounting Officer	2022-04-18
0001665160-22-000670	2	David Arthur Brown	CEO and Director	2022-04-18
0001665160-22-000670	1	Karina Kagramanova	Controller	2022-04-18
0001665160-22-000669	3	Constantin Pellissier	Director	2022-04-18
0001665160-22-000669	4	Phil Howarth	Director	2022-04-18
0001665160-22-000669	2	Thomas Marchard	Chairman	2022-04-18
0001665160-22-000669	1	Patrick Sebile	CEO	2022-04-18
0001670254-22-000344	1	Joseph Flahiff	Co-Founder, COO	2022-04-15
0001670254-22-000344	2	Nils Bunde	Co-Founder, CEO	2022-04-15
0001665160-22-000667	2	Charles Alexander	Principal Accounting Officer	2022-04-18
0001665160-22-000667	3	Jamel Lewis	Director	2022-04-18
0001665160-22-000667	1	Mark Edmond	CEO	2022-04-18
0001669191-22-000389	2	Lisa  Newmann	Principal Financial Officer	2022-04-18
0001669191-22-000389	3	Lisa  Newmann	Principal Accounting Officer	2022-04-18
0001669191-22-000389	4	Lisa  Newmann	Board Member	2022-04-18
0001669191-22-000389	1	Lisa  Newmann	Principal Executive Officer	2022-04-18
0001669191-22-000388	5	Dr. Alexander  Nawrocki Ph.D.	Board Member	2022-04-18
0001669191-22-000388	2	Leonard S.   Johnson Ph.D. student	Principal Financial Officer	2022-04-18
0001669191-22-000388	1	Leonard S.   Johnson Ph.D. student	Principal Executive Officer	2022-04-18
0001669191-22-000388	3	Leonard S.   Johnson Ph.D. student	Principal Accounting Officer	2022-04-18
0001669191-22-000388	4	Leonard S.   Johnson Ph.D. student	Board Member	2022-04-18
0001670254-22-000342	1	Aaron Olson	Co-Founder	2022-04-14
0001670254-22-000342	2	Mehrdad Arjmand	Co-Founder/CEO	2022-04-11
0001665160-22-000664	2	Debra Angilletta	CFO	2022-04-18
0001665160-22-000664	1	Marla Isackson	CEO, President, Secretary, and Treasurer	2022-04-18
0001907695-22-000001	2	George Fortuna	Director	2022-04-15
0001907695-22-000001	1	Kevin Boyer	Director	2022-04-15
0001665160-22-000661	1	Pete Girgis	President, Principal Executive Officer, Director, Principal Financial Officer and Principal Accounting Officer	2022-04-15
0001665160-22-000660	1	Micah Bergdale	CEO/Director	2022-04-15
0001665160-22-000659	1	Russell Smith	CEO, Principal Executive Officer and Director, Principal Financial Officer, Principal Accounting Officer	2022-04-15
0001756381-22-000001	1	Naresh Mulchandani	CEO	2022-04-15
0001689396-22-000002	3	/s/ Alexandr Fedorenko	Director	2022-04-15
0001689396-22-000002	2	/s/ Anton Saliukov	Director, COO	2022-04-15
0001689396-22-000002	1	/s/ Danil Saliukov	Director, CEO	2022-04-15
0001670254-22-000340	1	Oleksandr Kotovskov	Co-founder, Head of Design	2022-04-15
0001670254-22-000340	2	Oleksiy Lubinsky	CEO	2022-04-15
0001746059-22-000158	1	Ashley Sheehan	Owner and Founder	2022-04-15
0001746059-22-000157	1	Bethany Gregory	Owner and Founder	2022-04-15
0001555127-22-000004	3	John Michael (Michael) Bell	Director	2022-04-15
0001555127-22-000004	2	Randall (Randy) Wilson	CFO, Principal Financial Officer, Principal Accounting Officer and Director	2022-04-15
0001555127-22-000004	1	John R. (Grizz) Deal	CEO, Principal Executive Officer and Director	2022-04-15
0001665160-22-000657	1	J. Thomas Graham	CEO, Principal Executive Officer and Director, Principal Financial Officer and Principal Accounting Officer	2022-04-15
0001477932-22-002385	1	/s/ Dan Dembicki	CEO	2022-04-15
0001705050-22-000003	1	Christopher Dominguez	Chief Executive Officer	2022-04-15
0001746059-22-000156	1	Tiffany Pauldon	Owner	2022-04-15
0001746059-22-000155	1	Ricardo h. Correia	Owner	2022-04-15
0001921727-22-000004	1	Christopher Wessely	President	2022-04-15
0001921727-22-000003	1	Gabrielle Leyva	President	2022-04-15
0001893268-22-000002	2	Devin Serago	COO	2022-04-14
0001670254-22-000339	1	Yaron Moshe Tsion	Co Founder & PM	2022-04-14
0001670254-22-000339	2	Yoni Cohen	Co-Founder & CEO	2022-04-14
0001670254-22-000337	1	Joshua Balz	PR	2022-04-14
0001670254-22-000334	1	Raymond Magee	CEO/Founder	2022-01-21
0001670254-22-000337	2	Chad Dahlstrom	COO	2022-04-14
0001670254-22-000337	3	Nathan Bryner	CEO / Founder	2022-04-14
0001893268-22-000002	1	Josh Israel	CEO	2022-04-14
0001670254-22-000336	2	Michael Oraschewsky	Chief Executive Boar	2022-03-03
0001670254-22-000336	1	bruce kramer	member	2022-03-04
0001665160-22-000656	1	Colin Davis	President	2022-04-14
0001670254-22-000333	1	Adrian J. Vargas	CEO	2022-04-11
0001670254-22-000333	2	Younis Zubchevich	Co-Founder & President	2022-04-07
0001840495-22-000004	1	Robert Cefail by Sean Fuellhart POA	President	2022-04-14
0001665160-22-000653	1	Dustin Feider	CEO, Principal Executive Officer and Director	2022-04-14
0001659586-22-000001	1	Starling Childs	President, CEO	2022-04-14
0001889325-22-000001	1	AROON TUNGARE	CEO	2022-04-14
0001669191-22-000385	5	Patrick Lincoln	Board Member	2022-04-14
0001669191-22-000385	6	Sophia Becker	Board Member	2022-04-14
0001669191-22-000385	4	Patrick Cahill	Board Member	2022-04-14
0001669191-22-000385	3	Sophia Becker	Principal Accounting Officer	2022-04-14
0001669191-22-000385	2	Patrick Cahill	Principal Financial Officer	2022-04-14
0001669191-22-000385	1	Sophia Becker	Principal Executive Officer	2022-04-14
0001665160-22-000652	1	Mitch Hecht	CEO, Principal Executive Officer and Director, Principal Financial Officer and Principal Accounting Officer	2022-04-14
0001917773-22-000004	1	JOHN KOZLOWSKI	CEO	2022-04-14
0001665160-22-000651	2	Louise Anne Poirier	Principal Accounting Officer and Principal Financial Officer	2022-04-14
0001665160-22-000651	1	Connor O Brien	CEO and Director	2022-04-14
0001918842-22-000002	1	Josette Paz De Rivera	President	2022-04-14
0001888810-22-000001	1	Jonas Guenther	Chief Executive Officer	2022-04-14
0001669191-22-000383	5	Xugang Li	Board Member	2022-04-14
0001669191-22-000383	6	Bruce  Weber	Board Member	2022-04-14
0001669191-22-000383	1	Dennis  Dresser	Principal Executive Officer	2022-04-14
0001669191-22-000383	2	Bruce  Weber	Principal Financial Officer	2022-04-14
0001669191-22-000383	3	Bruce  Weber	Principal Accounting Officer	2022-04-14
0001669191-22-000383	4	Dennis  Dresser	Board Member	2022-04-14
0001670254-22-000331	2	Chris K Thomas	Producer and Co-Writer	2022-04-13
0001670254-22-000331	1	Daniel Damman	Director and Co-Writer	2022-04-13
0001670254-22-000332	1	Barry Palmer	Director	2022-04-08
0001670254-22-000332	2	Russell Colman	Treasurer	2022-04-08
0001670254-22-000332	3	Josh Simons	Co-founder and CEO	2022-04-08
0001878324-22-000001	1	Aaron Rench	CEO	2022-04-13
0001878324-22-000001	2	Nate Wilson	Director	2022-04-13
0001665160-22-000647	1	Stuart Mitchell	CEO, Chairman, President, CTO	2022-04-13
0001665160-22-000647	2	Carla Corkern	Director	2022-04-13
0001665160-22-000647	3	Sam Liao	Director	2022-04-13
0001665160-22-000644	1	Robert Rast	President, Treasurer, Secretary, and Sole Board Member	2022-04-13
0001746059-22-000154	1	Cleon Byron	Owner and CEO	2022-04-13
0001665160-22-000641	1	Kari Gran	Chief Product Officer and Director	2022-04-13
0001665160-22-000641	2	Clark Kokich	Treasurer	2022-04-13
0001665160-22-000641	3	Brent Turner	Director	2022-04-13
0001921727-22-000002	1	Christopher Wessely	President	2022-04-13
0001670254-22-000329	1	Amina Haji	Founder, CEO and Board Chair	2022-04-08
0001670254-22-000329	2	Darwin Lau	COO/CFO	2022-04-08
0001746059-22-000153	1	Joseph Price	Owner and Founder	2022-04-13
0001746059-22-000152	1	Tiffany Yarde	Owner and CEO	2022-04-13
0001921727-22-000001	1	Gabrielle Leyva	President	2022-04-13
0001669191-22-000381	6	Andrea Mandel Mantello	Board Member	2022-04-13
0001669191-22-000381	5	Luigi Boschin	Board Member	2022-04-13
0001669191-22-000381	4	Bruce  Riezenman	Board Member	2022-04-13
0001669191-22-000381	3	Luigi Boschin	Principal Accounting Officer	2022-04-13
0001669191-22-000381	2	Luigi Boschin	Principal Financial Officer	2022-04-13
0001669191-22-000381	1	Luigi Boschin	Principal Executive Officer	2022-04-13
0001665160-22-000640	1	Nathaniel Jason Clark	Chief Executive Officer, Chief Financial Officer, Chief Accounting Officer and Director	2022-04-13
0001669191-22-000380	4	Christopher Kelley	Board Member	2022-04-13
0001669191-22-000380	3	Bina Khan	Principal Accounting Officer	2022-04-13
0001669191-22-000380	2	Bina Khan	Principal Financial Officer	2022-04-13
0001669191-22-000380	1	Zachary Sadow	Principal Executive Officer	2022-04-13
0001669191-22-000380	5	Cynthia Archer	Board Member	2022-04-13
0001665160-22-000637	1	Zoltan Kemeny	CEO, Principal Executive Officer and Director, Principal Financial Officer and Principal Accounting Officer	2022-04-13
0001665160-22-000636	2	David Arthur Brown	CEO and Director	2022-04-13
0001665160-22-000636	1	Karina Kagramanova	Controller	2022-04-13
0001665160-22-000635	4	Phil Howarth	Director	2022-04-13
0001665160-22-000635	3	Constantin Pellissier	Director	2022-04-13
0001665160-22-000635	2	Thomas Marchard	Chairman	2022-04-13
0001665160-22-000635	1	Patrick Sebile	President and CEO, Principal Financial Officer and Principal Accounting Officer	2022-04-13
0001854203-22-000004	1	Leslie Noble	President	2022-04-13
0001670254-22-000328	2	Patrick Wilson	Chief Operations Officer	2022-04-08
0001670254-22-000328	1	Maryna Wilson	President/CEO	2022-04-11
0001919014-22-000002	1	George Simmons	Chief Financial Officer, Secretary and Treasurer	2022-04-13
0001919014-22-000002	2	Nathanial Findlay	Sole Director	2022-04-13
0001747584-22-000010	1	Bryan Garcia	Duly Authorized	2022-04-12
0001893044-22-000003	1	NICHOLAS SEET	CEO	2022-04-12
0001621374-22-000005	4	Scott Becker	Director	2022-04-08
0001621374-22-000005	3	John Speicher	Secretary and Director	2022-04-08
0001621374-22-000005	1	Che Voigt	Chief Executive Officer and Director	2022-04-08
0001621374-22-000005	2	Kelly Graves	Chief Financial Officer	2022-04-08
0001669191-22-000376	3	Robert Krause	Principal Accounting Officer	2022-04-12
0001669191-22-000376	4	Richard Heckinger	Board Member	2022-04-12
0001669191-22-000376	1	Robert Krause	Principal Executive Officer	2022-04-12
0001669191-22-000376	2	Robert Krause	Principal Financial Officer	2022-04-12
0001669191-22-000376	6	Jeromee Johnson	Board Member	2022-04-12
0001669191-22-000376	5	Robert Krause	Board Member	2022-04-12
0001669191-22-000375	1	Chris Wartko	Principal Executive Officer	2022-04-12
0001669191-22-000375	2	Maya Bovshow	Principal Financial Officer	2022-04-12
0001669191-22-000375	3	Chris Wartko	Principal Accounting Officer	2022-04-12
0001669191-22-000375	4	Chris Wartko	Board Member	2022-04-12
0001669191-22-000375	5	Maya Bovshow	Board Member	2022-04-12
0001675390-22-000001	1	Christopher J. Kramer	Director	2022-04-08
0001669191-22-000374	5	Andy  Stuppard	Board Member	2022-04-12
0001669191-22-000374	4	Betsy  Kruger	Board Member	2022-04-12
0001669191-22-000374	1	Aman Stuppard	Principal Executive Officer	2022-04-12
0001669191-22-000374	2	Aman Stuppard	Principal Financial Officer	2022-04-12
0001669191-22-000374	3	Aman Stuppard	Principal Accounting Officer	2022-04-12
0001746059-22-000151	1	Daniel Bund	Owner and Founder	2022-04-12
0001802152-22-000001	2	Joseph Maier	Chief Technology Officer	2022-04-12
0001802152-22-000001	1	Frances Maier	Founder and Chief Executive Officer	2022-04-12
0001746059-22-000150	1	Sharon Russell	Owner and CoFounder	2022-04-12
0001746059-22-000149	1	Eric Flanagan	Owner and Founder	2022-04-12
0001922159-22-000001	1	Peter Dorrance	COO	2022-04-12
0001670254-22-000326	1	Janine Laino LaRosa	Producer	2022-04-07
0001670254-22-000326	2	Kate A. McGrath	Producer	2022-04-07
0001746059-22-000148	1	Timothy Auclair	Owner and CoFounder	2022-04-12
0001746059-22-000147	1	Cleon Byron	Owner and CEO	2022-04-12
0001746059-22-000146	1	Damaris Aponte	Owner and CEO	2022-04-12
0001670254-22-000323	3	Ari S. Goldberg	Founder & CEO	2022-03-31
0001670254-22-000323	2	Brandon Feldman	Secretary	2022-03-31
0001670254-22-000323	1	David A Goldberg	Treasurer	2022-04-10
0001670254-22-000325	3	John McIntyre	CEO	2021-04-16
0001670254-22-000325	2	John Zdanowski	CFO	2021-04-20
0001670254-22-000325	1	William Butler	CEO	2021-04-20
0001670254-22-000322	3	Steve Paris	Founder	2022-03-16
0001670254-22-000322	2	David Crouch	Advisor	2022-03-16
0001670254-22-000322	1	Kenneth E Neal	Co-Managing Director	2022-03-16
0001840948-22-000003	1	Vernon Jones	CEO	2022-04-11
0001670254-22-000321	4	Arkadiusz Dudek	Chief Executive Officer	2022-04-07
0001670254-22-000321	3	Melody Pekarek	Manager	2022-04-07
0001670254-22-000321	2	Laura Kiernan	Advisor	2022-04-07
0001670254-22-000321	1	Debra A. Tonetti	Chief Scientific Officer	2022-04-07
0001670254-22-000317	6	Thomas Hollis Hopkins	CEO & Director	2022-04-08
0001670254-22-000317	5	Thomas H Hopkins	CEO	2022-04-08
0001670254-22-000317	4	Graham Eves	Director	2022-04-08
0001670254-22-000317	3	Sanjeev Lowe	Director	2022-04-08
0001670254-22-000317	2	Simon Humphreys	Director	2022-04-08
0001670254-22-000317	1	Hollis Hopkins	Director	2022-04-08
0001917773-22-000003	1	JOHN KOZLOWSKI	CEO	2022-04-11
0001670254-22-000320	1	Dakotah Apostolou	CEO	2022-03-28
0001670254-22-000320	2	Josh Burtnett	Chief Strategy Officer (CSO)	2022-03-28
0001746059-22-000145	1	Tamramarie Bevill	Owner and Founder	2022-04-11
0001715704-22-000002	1	Neeraj Sharma	CEO, Comptroller, and Chief Financial Officer	2022-04-08
0001715704-22-000002	3	Deep Shikha Vashisth	Director	2022-04-08
0001715704-22-000002	2	Varun Singh	Director	2022-04-08
0001746059-22-000144	1	Clay Clarkson	Owner and Founder	2022-04-11
0001825072-22-000001	1	John Park	Manager of Brick x Brick Hospitality Group, LLC, the Manager of the Company	2022-04-11
0001665160-22-000633	1	Greg Johnson	CEO, Principal Executive Officer and Director, Principal Financial Officer and Principal Accounting Officer	2022-04-11
0001903204-22-000002	3	Dana Farbo	Treasurer	2022-04-08
0001908270-22-000003	4	Bahram Nour-Omid	Board Director	2022-04-08
0001914570-22-000001	2	Timothy Wright	COO	2022-04-08
0001873910-22-000001	1	Kaylee McMahon	Manager and Control Member of the Manager	2022-04-08
0001670254-22-000313	1	Kevin Charles	CEO	2022-03-31
0001670254-22-000313	2	Victor Charles	CFO	2022-03-29
0001670254-22-000315	1	Shaquile Noor	Noor	2022-04-06
0001670254-22-000315	2	Michael Brizendine	Co-Founder & CEO	2022-04-05
0001908270-22-000003	1	Andrew Yang	Chief Executive Officer	2022-04-08
0001908270-22-000003	2	Jeong Woo Park	Chief Operating Officer	2022-04-08
0001908270-22-000003	3	Thanasi Karachotzitis	Chief Technology Officer	2022-04-08
0001903204-22-000002	2	Juan Comparan	President	2022-04-08
0001903204-22-000002	1	Leon Reffreger	Chief Executive Officer	2022-04-08
0001670254-22-000314	1	Mark Adkins	Co-Founder & CEO	2022-04-01
0001670254-22-000312	1	Nicholas Merten	Founder & CEO	2022-04-07
0001665160-22-000631	1	Darpan Saini	CEO, Principal Executive Officer and Director, Principal Financial Officer and Principal Accounting Office	2022-04-08
0001903204-22-000001	1	Lee King	Director	2022-04-08
0001665160-22-000630	1	Darpan Saini	CEO, Principal Executive Officer and Director, Principal Financial Officer and Principal Accounting Office	2022-04-08
0001914570-22-000001	1	Marcin Zgola	CEO	2022-04-08
0001644600-22-000047	1	Jeff Lewis	CEO	2022-04-08
0001670254-22-000311	1	David Astoria	Founder & CEO	2022-04-04
0001669191-22-000370	5	Stefano Gulbalis	Board Member	2022-04-08
0001669191-22-000370	3	Luis  Rios	Principal Accounting Officer	2022-04-08
0001669191-22-000370	2	Efrain Rodriguez	Principal Financial Officer	2022-04-08
0001669191-22-000370	1	Luis  Rios	Principal Executive Officer	2022-04-08
0001669191-22-000370	6	Renatto Garro	Board Member	2022-04-08
0001669191-22-000370	7	Raul Documet	Board Member	2022-04-08
0001669191-22-000370	4	Luis  Rios	Board Member	2022-04-08
0001669191-22-000367	1	Bruce  Goldblatt	Principal Executive Officer	2022-04-08
0001669191-22-000367	6	Ivana Sears	Board Member	2022-04-08
0001669191-22-000367	5	Bruce  Goldblatt	Board Member	2022-04-08
0001669191-22-000367	4	Charles  Grady	Board Member	2022-04-08
0001669191-22-000367	3	Ivana Sears	Principal Accounting Officer	2022-04-08
0001669191-22-000367	2	Ivana Sears	Principal Financial Officer	2022-04-08
0001669191-22-000366	5	Bruce Watanabe	Board Member	2022-04-08
0001669191-22-000366	2	Thu Truong	Principal Financial Officer	2022-04-08
0001669191-22-000366	1	Bruce Watanabe	Principal Executive Officer	2022-04-08
0001669191-22-000366	3	Thu Truong	Principal Accounting Officer	2022-04-08
0001669191-22-000366	4	Thu Truong	Board Member	2022-04-08
0001913986-22-000002	1	Aaron Schickel	President	2022-04-08
0001644600-22-000042	2	Roger Yee	Director	2022-04-08
0001644600-22-000042	1	David Mitlyng	Chief Executive Officer, Principal Financial Officer, Principal Accounting Officer, Director	2022-04-08
0001670254-22-000310	3	Mauricio Rioseco	Chairman	2022-04-06
0001670254-22-000310	2	Jose Madariaga Michieli	Board Member	2022-04-06
0001670254-22-000310	1	Oscar Gutierrez	CFO	2022-04-08
0001665160-22-000628	3	Federico Olivares	Vice President of Innovation, Founder, and Director	2022-04-08
0001665160-22-000628	4	Michael Oh	Director	2022-04-08
0001665160-22-000628	1	Greg Czerpak	President, Chief Executive Officer, Chairman of the Board , and Principal Executive Officer	2022-04-08
0001665160-22-000628	2	Kevin Lynch	Vice President of Business Development and Principal Financial Officer / Principal Accounting Officer and Director	2022-04-08
0001812129-22-000002	1	Sean O'Neill	CEO	2022-04-08
0001670254-22-000308	1	Nicholas Merten	Founder & CEO	2022-04-07
0001781955-22-000008	1	Andrew Thompson	Founder and CEO	2022-04-08
0001781955-22-000007	1	Ben White	Founder and CEO	2022-04-08
0001665160-22-000626	1	Rolan Reichel	CEO, Principal Executive Officer and Director, Principal Financial Officer and Principal Accounting Officer	2022-04-08
0001746059-22-000143	1	Kaleb Green	Owner and CEO	2022-04-08
0001670254-22-000306	1	Austin Webster	Founder & CEO	2022-04-04
0001670254-22-000304	4	Sam Eder	CEO	2022-04-01
0001670254-22-000304	3	Evan Alter	CTO	2022-04-01
0001670254-22-000304	2	Ben L McConnell	CMO	2022-04-01
0001670254-22-000304	1	Christina M Wing	Chief Operating Officer	2022-04-02
0001619790-22-000003	3	Mark Morales	Director	2022-04-08
0001619790-22-000003	2	Ian Kane	Director	2022-04-08
0001619790-22-000003	1	Daniel Gouldman	Director	2022-04-08
0001665160-22-000625	1	Clinton Brown	President, CEO, Principal Executive Officer, Director, Principal Financial Officer and Principal Accounting Officer	2022-04-08
0001619790-22-000002	2	Matthew Peters	Director	2022-04-07
0001619790-22-000002	1	Brennan White	Director	2022-04-07
0001768595-22-000001	3	Max Engel	Co-Founder and CPO	2022-04-07
0001768595-22-000001	2	Dan Densen	Co-Founder and CMO	2022-04-07
0001768595-22-000001	1	Brian Landau	CEO and Co-Founder	2022-04-07
0001670254-22-000300	2	Brad Price	Founder & CEO	2022-03-31
0001670254-22-000298	3	Michael Woolard	President	2022-04-06
0001670254-22-000298	2	Jared Stein	Managing member	2022-04-07
0001670254-22-000303	1	Aj Montgomery	CEO	2022-04-04
0001670254-22-000302	1	Joshua Terry	Co Founder - Head of Marketing and Implementation	2022-03-28
0001670254-22-000298	4	Chris Hunter	CEO & Co-Founder	2022-04-06
0001670254-22-000298	1	Henry Spring	Board Director	2022-04-07
0001670254-22-000300	1	Ryan Kirkpatrick	Lead Investor	2022-03-31
0001670254-22-000297	1	William Butler	CEO	2021-04-20
0001670254-22-000297	2	John Zdanowski	CFO	2021-04-20
0001670254-22-000297	3	John McIntyre	CEO	2021-04-16
0001670254-22-000295	2	Kamal Kapadia	Chief Learning Officer	2022-04-06
0001670254-22-000295	3	Anshuman Bapna	CEO	2022-04-06
0001670254-22-000295	1	Mayank Jain	CTO	2022-04-07
0001665160-22-000624	2	Eric Ball	Board Member	2022-04-07
0001665160-22-000624	1	Robert S. Lentz	Director	2022-04-07
0001878468-22-000001	1	Rahul Goyal	CEO, Principal Executive Officer and Director, Principal Financial Officer and Principal Accounting Officer	2022-04-07
0001665160-22-000623	1	Jospeh Tota	President, CEO, Principal Executive Officer, Director, Principal Financial Officer and Principal Accounting Officer	2022-04-07
0001665160-22-000617	1	Liza Velarde	CEO, Principal Executive Officer and Director, Principal Financial Officer and Principal Accounting Officer	2022-04-07
0001665160-22-000617	2	Alejandro Abarca	Co Founder, Director & CTO	2022-04-07
0001665160-22-000617	4	Joost Leeflang	Director	2022-04-07
0001665160-22-000617	5	Chiu Chau	Advisor	2022-04-07
0001665160-22-000617	6	Mario Moises Alvarez	Advisor	2022-04-07
0001665160-22-000617	3	Juan Felipe Yee	Co Founder, Director & CMO	2022-04-07
0001848230-22-000002	1	Adam Klein	Director	2022-04-07
0001848230-22-000002	2	Jared Johnson	Director	2022-04-07
0001848230-22-000001	1	Adam Klein	Director	2022-04-07
0001848230-22-000001	2	Jared Johnson	Director	2022-04-07
0001852601-22-000001	1	Fred Larkins	CEO	2022-04-07
0001665160-22-000616	1	Keith Chapman	President, CEO, Principal Executive Officer, Director, Principal Financial Officer and Principal Accounting Officer	2022-04-07
0001911560-22-000006	1	Bryan Price	Manager	2022-04-05
0001670254-22-000293	2	Peter Barba	CEO at Lectrium	2022-04-05
0001670254-22-000291	1	Ari Kronish	Founder	2022-04-04
0001670254-22-000289	3	Amjad Masad	Founder and CEO	2022-04-01
0001670254-22-000289	2	Kyle Alisharan	CFO	2022-04-01
0001670254-22-000289	1	Matthew Mazzeo	Board Member	2022-04-04
0001670254-22-000293	1	Zygimantas Zabieta	Co-founder	2022-04-05
0001906565-22-000002	1	PHIL SMITH	FOUNDER/CHAIRMAN	2022-04-06
0001665160-22-000615	2	Brian Yennie	CTO	2022-04-06
0001665160-22-000615	1	Earl Cole	CEO, Principal Executive Officer and Director, Principal Financial Officer, Principal Accounting Officer	2022-04-06
0001812932-22-000002	1	Srivatsava Gorthy	CEO	2022-04-06
0001665160-22-000614	1	Richard Geisenfeld	CEO and Director	2022-04-06
0001665160-22-000614	2	Michael Kesner	CTO/CFO/DIR/SEC	2022-04-06
0001840495-22-000001	1	Robert Cefail by Sean Fuellhart POA	CEO	2022-04-06
0001918755-22-000001	1	Claudio Garcia	CEO	2022-04-06
0001669191-22-000363	6	Ivana Sears	Board Member	2022-04-06
0001669191-22-000363	4	Charles  Grady	Board Member	2022-04-06
0001669191-22-000363	5	Bruce  Goldblatt	Board Member	2022-04-06
0001669191-22-000363	1	Bruce  Goldblatt	Principal Executive Officer	2022-04-06
0001669191-22-000363	2	Ivana Sears	Principal Financial Officer	2022-04-06
0001669191-22-000363	3	Ivana Sears	Principal Accounting Officer	2022-04-06
0001669191-22-000362	4	John Clark	Board Member	2022-04-06
0001669191-22-000362	5	Peter Hanson	Board Member	2022-04-06
0001669191-22-000362	1	John Clark	Principal Executive Officer	2022-04-06
0001669191-22-000362	2	John Clark	Principal Financial Officer	2022-04-06
0001669191-22-000362	3	John Clark	Principal Accounting Officer	2022-04-06
0001669191-22-000362	6	Thomas Silber	Board Member	2022-04-06
0001669191-22-000361	5	David Barnhart	Board Member	2022-04-06
0001669191-22-000361	4	Talbot Jaeger	Board Member	2022-04-06
0001669191-22-000361	2	Daniel Lopez	Principal Financial Officer	2022-04-06
0001669191-22-000361	1	David Barnhart	Principal Executive Officer	2022-04-06
0001669191-22-000361	3	Lisa Hill	Principal Accounting Officer	2022-04-06
0001811251-22-000001	2	/s/ Kenneth Myers	CTO	2022-04-06
0001811251-22-000001	1	/s/ Emily Cisek	CO-FOUNDER & CEO	2022-04-06
0001811251-22-000001	4	/s/ William McLucas	DIRECTOR	2022-04-06
0001811251-22-000001	3	/s/ Robbie Wright	DIRECTOR	2022-04-06
0001880569-22-000001	2	Ruben Figueredo	Director	2022-04-06
0001880569-22-000001	3	Miguel Chocron	Director	2022-04-06
0001880569-22-000001	1	Joshua Squire	Director	2022-04-06
0001805056-22-000001	1	Ian Eyberg	CEO & Director	2022-04-06
0001421744-22-000001	1	Gaetano Scuderi	Founder & Chairman of the Board	2022-04-06
0001421744-22-000001	2	Joey Bose	CEO & President	2022-04-06
0001421744-22-000001	3	Phil LoGrasso	Director	2022-04-06
0001421744-22-000001	4	Tracey Goeken	Director	2022-04-06
0001421744-22-000001	5	Gordon Ramseier	Director	2022-04-06
0001104659-22-043119	2	/s/ Ronald Miller	Director and Chairman	2022-04-06
0001104659-22-043119	1	/s/ Howard Marks	Chief Executive Officer, Chief Financial Officer, Chief Accounting Officer and Director	2022-04-06
0001866638-22-000001	3	Rizwan Nusrat	Director	2022-04-05
0001866638-22-000001	2	Matthew Miller	Director	2022-04-05
0001670254-22-000287	1	Anne E. Beaumont	Director	2022-04-04
0001670254-22-000287	2	Taylor Roberts	CFO	2022-04-04
0001670254-22-000287	3	David Michael kennedy	Board of Directors	2022-04-04
0001866638-22-000001	1	Mariam Nusrat	Director	2022-04-05
0001670254-22-000287	4	G Mark Miller	Founder and CEO	2022-04-04
0001665160-22-000612	1	Charles Butler	CEO/Director	2022-04-05
0001813720-22-000002	1	Stephanie O'Brien	Director	2022-04-05
0001665160-22-000610	1	Anthony Accetta	President, CEO, Principal Executive Officer, Director, Principal Financial Officer and Principal Accounting Officer	2022-04-05
0001665160-22-000609	1	Jay Scales	CEO, Principal Executive Officer and Director, Principal Financial Officer and Principal Accounting Officer	2022-04-05
0001768431-22-000003	1	Bryan Price	Manager	2022-04-05
0001893044-22-000002	1	NICHOLAS SEET	CEO	2022-04-05
0001916152-22-000002	3	Zach Epperson	Officer	2022-04-05
0001916152-22-000002	2	Sarwaan Ansari	Director/Officer	2022-04-05
0001916152-22-000002	1	Christian Ancheta	Director/Officer	2022-04-05
0001917958-22-000003	1	Daniel Rockrohr	Co-Owner	2022-04-05
0001824807-22-000003	1	Joshua Rinier	Co-Owner	2022-04-05
0001824807-22-000002	1	Joshua Rinier	Co-Owner	2022-04-05
0001824807-22-000001	1	Joshua Rinier	Co-Owner	2022-04-05
0001898330-22-000007	1	Brian Webster	President	2022-04-05
0001898330-22-000006	1	Benjamin Steffen	President	2022-04-05
0001898330-22-000005	1	Shayfonyia Reed	President	2022-04-05
0001898330-22-000004	1	Nicole Waltenbaugh	President	2022-04-05
0001898330-22-000003	1	Michael Loveless	Co-Owner	2022-04-05
0001918073-22-000001	1	Mark Pawliw	Managing Partner	2022-04-05
0001670254-22-000281	1	Wilson Chang	Board Director	2022-03-31
0001670254-22-000281	2	William Bumpers	Board Chair	2022-03-30
0001670254-22-000281	3	Kimberly A Kolt	Board Director	2022-03-28
0001670254-22-000281	4	Gary Skulnik	CEO	2022-03-28
0001900822-22-000002	1	Francisco Cornejo	Director and CEO	2022-04-04
0001665160-22-000607	1	Brent Oster	President, CEO, Principal Executive Officer, Director, Principal Financial Officer and Principal Accounting Officer	2022-04-04
0001900822-22-000002	2	Daniel Acton	Director and President	2022-04-04
0001670254-22-000285	2	Kimberly A Kolt	Board Director	2022-04-04
0001670254-22-000285	3	William Bumpers	Board Chair	2022-04-04
0001670254-22-000285	4	Ian Sneed	Board Member	2022-04-04
0001670254-22-000285	5	Gary Skulnik	CEO	2022-04-04
0001815995-22-000001	1	Adam Greenhood	Chief Executive Officer	2022-04-01
0001670254-22-000283	1	Kristian Hansen	CEO & Founder	2022-04-01
0001670254-22-000285	1	Wilson Chang	Board Director	2022-04-04
0001746059-22-000142	1	Tomas Nenortas	Owner and Founder	2022-04-04
0001746059-22-000141	1	Tome Andrade	Owner	2022-04-04
0001828984-22-000004	4	Shervin Molayem	Director	2022-04-04
0001828984-22-000004	3	Reza Sanjar	Director	2022-04-04
0001828984-22-000004	2	Cheyenne Ellis Welker	Director	2022-04-04
0001828984-22-000004	1	Roberto Tepichin III	Founder President, CEO, Treasurer & Director	2022-04-04
0001669191-22-000356	2	James Buchanan	Principal Financial Officer	2022-04-04
0001669191-22-000356	4	James Buchanan	Board Member	2022-04-04
0001669191-22-000356	3	James Buchanan	Principal Accounting Officer	2022-04-04
0001669191-22-000356	1	James Buchanan	Principal Executive Officer	2022-04-04
0001669191-22-000355	1	Kauffman Scott	Principal Executive Officer	2022-04-04
0001669191-22-000355	2	Kauffman Scott	Principal Financial Officer	2022-04-04
0001669191-22-000355	3	Kauffman Scott	Principal Accounting Officer	2022-04-04
0001669191-22-000355	4	Kauffman Scott	Board Member	2022-04-04
0001669191-22-000354	1	Robert Feierbach	Principal Executive Officer	2022-04-04
0001669191-22-000354	2	Robert Feierbach	Principal Financial Officer	2022-04-04
0001669191-22-000354	3	Robert Feierbach	Principal Accounting Officer	2022-04-04
0001669191-22-000354	4	Robert Feierbach	Board Member	2022-04-04
0001669191-22-000353	2	John  Adamson, Jr.,	Principal Financial Officer	2022-04-04
0001669191-22-000353	1	John  Adamson, Jr.,	Principal Executive Officer	2022-04-04
0001669191-22-000353	3	John  Adamson, Jr.,	Principal Accounting Officer	2022-04-04
0001669191-22-000353	4	Catherine Bryant	Board Member	2022-04-04
0001669191-22-000353	5	Kathyrn Smith	Board Member	2022-04-04
0001746059-22-000140	1	Wendell Orphe	CEO	2022-04-04
0001665160-22-000606	1	Ian Eyberg	CEO, Principal Executive Officer and Director, Principal Financial Officer and Principal Accounting Officer	2022-04-04
0001665160-22-000605	1	Ian Eyberg	CEO, Principal Executive Officer and Director, Principal Financial Officer and Principal Accounting Officer	2022-04-04
0001669191-22-000345	1	John Honour	Principal Executive Officer	2022-04-04
0001669191-22-000345	3	R. Glenn Kirk	Principal Accounting Officer	2022-04-04
0001669191-22-000345	7	John Honour	Board Member	2022-04-04
0001669191-22-000345	4	James Gaspard	Board Member	2022-04-04
0001669191-22-000345	2	R. Glenn Kirk	Principal Financial Officer	2022-04-04
0001669191-22-000345	5	Charles Guillory	Board Member	2022-04-04
0001669191-22-000345	6	R. Glenn Kirk	Board Member	2022-04-04
0001918842-22-000001	1	Josette Paz De Rivera	President	2022-04-04
0001840948-22-000002	1	Vernon Jones	CEO	2022-04-04
0001860056-22-000001	1	Rhonda Marshall	Manager and Chief Operating Officer	2022-04-04
0001665160-22-000604	1	Michael Alfaro	CEO	2022-04-04
0001670254-22-000279	1	Benjamin Wallsten	Founder, CPO	2022-04-03
0001670254-22-000279	2	Sundaresh Mahendra	Founder, CEO	2022-04-03
0001670254-22-000278	1	Michael W. G. Fix	Advisor/Investor	2022-03-31
0001670254-22-000278	2	Eric Janszen	Co-founder and CEO	2022-03-31
0001860270-22-000003	2	Russell Gong	Director	2022-04-04
0001860270-22-000003	1	Achal Patel	Director	2022-04-04
0001669191-22-000343	3	Matthew P. Jones	Principal Accounting Officer	2022-04-04
0001669191-22-000343	4	Matthew P. Jones	Board Member	2022-04-04
0001669191-22-000343	2	Matthew P. Jones	Principal Financial Officer	2022-04-04
0001669191-22-000343	1	Matthew P. Jones	Principal Executive Officer	2022-04-04
0001746059-22-000139	1	Richard Littzi	Owner and CoFounder	2022-04-04
0001854203-22-000003	1	Leslie Noble	President	2022-04-04
0001878343-22-000003	3	Niels Ten Berge	Director	2022-04-04
0001878343-22-000003	2	James A. Calder	CFO	2022-04-04
0001878343-22-000003	1	John Emery	CEO	2022-04-04
0001878343-22-000003	4	Jeffrey Hokenson	Director	2022-04-04
0001917250-22-000003	1	Kelly Brown	President	2022-04-04
0001887215-22-000001	1	Travis Lee	Manager of the Manger, TLee Development, LLC	2022-04-01
0001670254-22-000277	2	Kyle Brown	Treasurer	2022-04-01
0001670254-22-000277	1	Jon Sewell	Founder and Chairman	2022-04-01
0001670254-22-000275	1	Jim Marsh	CEO and Founder at Swell Watercraft	2022-03-31
0001887215-22-000002	1	John Keith Hennessy	President	2022-04-01
0001670254-22-000277	4	Ralph Burleson	President	2022-04-01
0001670254-22-000277	3	Julie Campbell	Vice President	2022-04-01
0001665160-22-000603	1	Marc Pierce	CEO, Principal Executive Officer and Director, Principal Financial Officer, and Principal Accounting Officer/Director	2022-04-01
0001908270-22-000001	2	Jeong Woo Park	Chief Operating Officer	2022-04-01
0001908270-22-000001	1	Andrew Yang	Chief Executive Officer	2022-04-01
0001908270-22-000001	4	Bahram Nour-Omid	Board Director	2022-04-01
0001908270-22-000001	3	Thanasi Karachotzitis	Chief Technology Officer	2022-04-01
0001669191-22-000336	1	Farideh Bischoff	Principal Executive Officer	2022-04-01
0001669191-22-000336	2	Linda Holder	Principal Financial Officer	2022-04-01
0001669191-22-000336	3	Stephanie Sangare	Principal Accounting Officer	2022-04-01
0001669191-22-000336	4	Farideh Bischoff	Board Member	2022-04-01
0001669191-22-000336	5	Menachem Shavit	Board Member	2022-04-01
0001669191-22-000335	2	Pamela Contag	Principal Financial Officer	2022-04-01
0001669191-22-000335	4	Gregory Schiffman	Board Member	2022-04-01
0001669191-22-000335	3	Pamela Contag	Principal Accounting Officer	2022-04-01
0001669191-22-000335	1	Pamela Contag	Principal Executive Officer	2022-04-01
0001669191-22-000335	5	Cathy Sohn	Board Member	2022-04-01
0001669191-22-000335	6	Pamela Contag	Board Member	2022-04-01
0001669191-22-000335	7	Mark Frohlich	Board Member	2022-04-01
0001813475-22-000001	1	/s/ Mihnea Iustinian Chis	Director, CEO	2022-03-31
0001916152-22-000001	1	Christian Ancheta	Director	2022-04-01
0001916152-22-000001	2	Israel Lopez-Morillo	Director	2022-04-01
0001916152-22-000001	5	Zach Epperson	Officer	2022-04-01
0001916152-22-000001	4	Sarah Wheeler	Officer	2022-04-01
0001916152-22-000001	3	Sarwaan Ansari	Director	2022-04-01
0001644600-22-000040	3	Travis Hook	Chief Information Officer, Secretary, and Director	2022-04-01
0001644600-22-000040	2	Parker Smith	Chief Financial Officer, Chief Operating Officer, Director	2022-04-01
0001644600-22-000040	1	Matthew Belcher	Chief Executive Officer, President, and Director	2022-04-01
0001665160-22-000602	1	Arya Mazanek	CEO, Principal Executive Officer and Director, Principal Financial Officer and Principal Accounting Officer.	2022-04-01
0001878343-22-000001	1	John Emery	CEO	2022-04-01
0001821982-22-000001	1	Wesley T. Johnson	CEO	2022-04-01
0001669191-22-000331	4	Lisa Williams	Board Member	2022-04-01
0001669191-22-000331	3	Lisa Williams	Principal Accounting Officer	2022-04-01
0001669191-22-000331	2	Lisa Williams	Principal Financial Officer	2022-04-01
0001669191-22-000331	1	Lisa Williams	Principal Executive Officer	2022-04-01
0001669191-22-000330	2	Robbie DeBarros	Principal Financial Officer	2022-04-01
0001669191-22-000330	1	Glen DeBarros	Principal Executive Officer	2022-04-01
0001669191-22-000330	3	Robbie DeBarros	Principal Accounting Officer	2022-04-01
0001669191-22-000330	4	Glen DeBarros	Board Member	2022-04-01
0001669191-22-000330	5	Gerardo  Melendrez	Board Member	2022-04-01
0001669191-22-000330	6	Robbie DeBarros	Board Member	2022-04-01
0001669191-22-000329	2	Gary  Levine	Principal Financial Officer	2022-04-01
0001669191-22-000329	1	Mike Ortega	Principal Executive Officer	2022-04-01
0001669191-22-000329	5	Dan Cox	Board Member	2022-04-01
0001669191-22-000329	4	Mike Ortega	Board Member	2022-04-01
0001669191-22-000329	3	Gary  Levine	Principal Accounting Officer	2022-04-01
0001669191-22-000328	5	Raju Panjwani	Board Member	2022-04-01
0001669191-22-000328	4	Triccia Ramos	Board Member	2022-04-01
0001669191-22-000328	2	Raju Panjwani	Principal Financial Officer	2022-04-01
0001669191-22-000328	3	Raju Panjwani	Principal Accounting Officer	2022-04-01
0001669191-22-000328	1	Raju Panjwani	Principal Executive Officer	2022-04-01
0001669191-22-000327	2	Dr. Jeffrey Arle	Principal Financial Officer	2022-04-01
0001669191-22-000327	1	Dr. Jeffrey Arle	Principal Executive Officer	2022-04-01
0001669191-22-000327	5	Maurizio Patricelli	Board Member	2022-04-01
0001669191-22-000327	3	Dr. Jeffrey Arle	Principal Accounting Officer	2022-04-01
0001669191-22-000327	6	Jay Shils	Board Member	2022-04-01
0001669191-22-000327	4	Kris Carlson	Board Member	2022-04-01
0001669191-22-000326	4	Ericka Wojack	Board Member	2022-04-01
0001669191-22-000326	5	Bradley Larschan	Board Member	2022-04-01
0001669191-22-000326	6	Yuichiro Takayanagi	Board Member	2022-04-01
0001669191-22-000326	1	Bradley Larschan	Principal Executive Officer	2022-04-01
0001669191-22-000326	2	Ericka Wojack	Principal Financial Officer	2022-04-01
0001669191-22-000326	3	Ericka Wojack	Principal Accounting Officer	2022-04-01
0001746059-22-000138	1	Katherine Redman	Program Director	2022-04-01
0001621374-22-000004	4	Scott Becker	Director	2022-03-31
0001621374-22-000004	2	Kelly Graves	Chief Financial Officer	2022-03-31
0001621374-22-000004	1	Che Voigt	Chief Executive Officer and Director	2022-03-31
0001621374-22-000004	3	John Speicher	Secretary and Director	2022-03-31
0001644600-22-000038	1	Yanni Barghouty	Chief Executive Officer, Principal Financial Officer, Principal Accounting Officer, Director	2022-04-01
0001746059-22-000137	1	David Griffiths	Owner and CEO	2022-04-01
0001746059-22-000136	1	Ibraheem Abdul-Malik	Owner and Founder	2022-04-01
0001746059-22-000135	1	Kathryn Read	Owner and Founder	2022-04-01
0001746059-22-000134	1	TIFFANY WEST	Owner	2022-04-01
0001746059-22-000133	1	Kristen Houghton	Owner and Founder	2022-04-01
0001746059-22-000132	1	Monica M Butler	CEO	2022-04-01
0001866645-22-000001	1	Juan Giraldo	CEO & Director	2022-04-01
0001669191-22-000319	5	David  Restiano	Board Member	2022-04-01
0001669191-22-000319	4	Daniel Staats	Board Member	2022-04-01
0001669191-22-000319	3	David  Restiano	Principal Accounting Officer	2022-04-01
0001669191-22-000319	2	David  Restiano	Principal Financial Officer	2022-04-01
0001669191-22-000319	1	David  Restiano	Principal Executive Officer	2022-04-01
0001669191-22-000319	6	Alfred  Colantoni Jr.	Board Member	2022-04-01
0001755224-22-000003	3	David Haines	Director	2022-03-31
0001755224-22-000003	2	Michael Cassella	Director	2022-03-31
0001755224-22-000003	1	Christian Zimmerman	Director	2022-03-31
0001870462-22-000001	1	Jamison Manwaring	Manager of the Manager, Neighborhood Management, LLC	2022-04-01
0001665160-22-000601	1	Waclaw Stevnert	CEO, Principal Executive Officer and Director, Principal Financial Officer and Principal Accounting Officer	2022-04-01
0001919164-22-000001	1	Jordan Mackey	Managing Member	2022-04-01
0001665160-22-000600	1	Gary Kohn	CEO, Principal Executive Officer and Director, Principal Financial Officer and Principal Accounting Officer.	2022-03-31
0001670254-22-000274	2	Serge Adamyan	CFO & Co-Founder	2022-03-22
0001919337-22-000002	1	Charles Garris	President and Founder	2022-03-31
0001894171-22-000003	1	Michael Earley	President	2021-11-19
0001917773-22-000002	1	JOHN KOSLOWSKI	CEO	2022-03-31
0001670254-22-000274	1	Kostyantyn Yun	CEO	2022-03-22
0001907870-22-000002	1	Sheldon Richard (Rick) Bentley	Director	2022-03-31
